#Age	d18O
#(yr BP)	(‰)
-55.6	-32.33
-53.3	-34.98
-51.0	-34.29
-49.0	-32.92
-46.6	-34.95
-43.9	-33.04
-42.0	-32.86
-39.3	-32.94
-36.6	-35.50
-34.1	-34.41
-31.5	-33.84
-29.2	-35.01
-26.1	-34.02
-22.8	-34.35
-20.1	-34.72
-17.2	-35.01
-14.1	-35.10
-10.8	-34.17
-7.7	-35.26
-4.3	-33.72
-1.5	-34.02
1.7	-34.42
4.8	-33.03
7.8	-33.12
10.8	-32.94
14.2	-35.24
17.3	-33.85
20.3	-34.24
23.8	-34.20
27.5	-34.68
30.5	-33.43
33.8	-33.93
37.3	-33.51
40.9	-34.44
45.1	-33.76
48.0	-33.95
51.1	-33.21
54.4	-34.64
58.0	-34.38
61.3	-34.09
65.2	-32.94
68.8	-34.22
71.9	-32.57
75.2	-33.95
79.8	-34.15
83.6	-33.56
87.5	-33.28
91.6	-34.41
95.5	-33.38
99.0	-34.72
102.4	-34.78
106.4	-34.55
110.2	-33.42
114.3	-34.13
118.4	-32.39
122.2	-33.20
125.6	-32.95
129.4	-34.71
133.5	-34.47
137.4	-34.01
141.4	-34.98
145.7	-32.83
149.7	-33.18
154.1	-34.76
158.0	-33.66
161.7	-33.59
165.3	-33.13
169.2	-34.24
173.7	-33.12
177.1	-34.15
181.4	-33.63
185.7	-33.99
189.5	-34.11
193.9	-34.10
198.2	-34.15
202.5	-34.57
207.4	-35.14
211.8	-33.54
215.7	-32.97
219.8	-33.81
223.7	-34.02
228.2	-33.70
232.4	-34.44
237.1	-34.39
241.0	-34.13
245.6	-33.72
249.7	-34.83
254.2	-32.22
258.1	-33.22
262.5	-33.50
266.8	-35.09
271.7	-34.15
276.0	-34.32
280.7	-34.26
285.1	-33.75
289.2	-33.35
292.9	-32.56
296.7	-33.61
300.5	-33.45
304.0	-34.30
308.7	-34.18
313.1	-33.71
316.8	-33.14
321.1	-33.58
325.2	-33.89
329.3	-34.39
333.4	-34.29
337.5	-33.42
341.6	-33.99
346.2	-33.19
351.0	-33.48
355.0	-34.18
358.7	-33.24
362.7	-33.85
366.1	-33.52
370.8	-33.68
375.6	-34.13
379.6	-34.12
384.0	-33.55
388.3	-33.42
392.4	-34.30
396.7	-32.64
400.6	-33.75
405.0	-34.83
409.3	-34.23
413.4	-32.81
417.6	-35.04
422.1	-33.88
426.6	-33.66
431.0	-34.02
435.2	-33.39
439.7	-33.27
444.5	-34.37
449.3	-34.62
453.6	-33.42
458.0	-32.98
461.8	-33.47
465.5	-34.16
469.5	-33.69
474.4	-33.88
479.7	-34.42
484.0	-33.37
488.1	-32.81
493.1	-34.87
497.5	-33.73
502.1	-34.29
506.7	-33.48
511.0	-34.23
515.3	-33.89
520.0	-33.64
524.3	-33.59
528.5	-33.77
532.7	-35.18
537.1	-33.61
541.3	-32.25
545.1	-32.05
548.6	-34.03
553.1	-34.13
557.4	-33.34
561.5	-34.16
566.5	-34.28
571.3	-34.59
575.7	-33.59
579.7	-34.32
583.6	-33.63
588.5	-34.24
593.0	-33.87
597.7	-33.49
601.5	-34.32
606.3	-34.31
610.9	-33.68
615.3	-33.45
619.6	-33.85
624.1	-33.47
629.1	-33.92
633.2	-33.50
637.6	-32.99
641.8	-32.45
645.7	-34.01
649.9	-34.07
654.3	-34.19
659.0	-34.40
663.2	-33.50
667.7	-33.48
672.3	-34.24
677.1	-33.83
681.4	-34.38
685.9	-33.95
690.4	-33.98
694.4	-33.59
698.9	-33.55
703.4	-33.21
706.9	-33.57
711.4	-33.56
715.7	-33.43
720.1	-32.26
724.5	-34.61
729.0	-33.77
733.1	-34.13
737.6	-32.97
741.4	-33.31
745.0	-33.23
749.3	-33.15
754.1	-32.19
758.2	-33.59
762.2	-32.54
766.8	-34.11
771.1	-33.61
775.6	-34.18
780.4	-34.00
784.8	-35.11
789.2	-33.44
793.5	-33.50
797.7	-33.37
801.9	-35.36
805.8	-33.79
809.9	-33.56
814.5	-33.11
818.6	-34.74
822.4	-33.86
826.8	-33.78
831.2	-33.58
835.1	-33.96
840.1	-34.05
844.6	-33.62
849.2	-33.08
853.2	-33.75
857.8	-34.92
862.9	-33.09
866.7	-33.19
871.3	-34.03
875.3	-32.83
879.6	-33.70
883.9	-33.51
888.1	-32.42
891.9	-34.89
895.8	-33.07
899.7	-33.58
904.3	-34.43
907.8	-32.88
911.9	-31.86
916.0	-33.16
920.3	-33.97
924.4	-34.30
928.6	-33.75
933.2	-33.24
937.6	-33.55
941.0	-34.04
945.1	-33.12
949.0	-33.19
953.5	-33.40
957.6	-34.29
961.9	-33.25
966.2	-34.37
970.4	-32.99
974.6	-32.85
978.7	-32.88
982.7	-32.48
986.7	-33.50
990.9	-34.42
995.3	-33.95
999.4	-32.89
1003.2	-33.69
1007.4	-33.16
1011.4	-33.82
1014.8	-33.38
1018.9	-33.58
1022.6	-33.54
1027.1	-33.27
1031.1	-33.07
1035.3	-33.11
1039.6	-33.35
1044.1	-33.49
1048.8	-34.58
1052.6	-34.32
1056.5	-33.06
1060.5	-32.95
1064.8	-32.94
1068.3	-32.43
1072.3	-32.84
1076.5	-33.81
1080.6	-33.12
1085.2	-33.91
1088.9	-33.08
1093.2	-33.69
1098.0	-34.13
1102.1	-33.36
1106.6	-33.87
1110.5	-33.11
1115.2	-32.22
1119.4	-32.34
1123.5	-34.17
1127.9	-32.91
1132.1	-32.81
1136.5	-33.30
1141.0	-32.59
1145.6	-32.88
1149.8	-32.93
1153.6	-32.77
1158.0	-33.40
1162.6	-33.63
1166.7	-33.03
1171.1	-33.22
1175.2	-32.98
1179.4	-32.64
1183.4	-33.00
1187.6	-34.40
1192.2	-33.12
1195.7	-33.55
1199.8	-31.52
1204.0	-33.08
1208.7	-33.18
1212.3	-34.58
1216.4	-33.03
1220.4	-32.10
1224.6	-33.04
1228.6	-32.16
1232.5	-32.92
1236.6	-33.93
1240.8	-32.98
1245.2	-32.98
1248.8	-32.87
1252.7	-33.69
1257.1	-33.88
1261.7	-32.97
1265.6	-32.69
1269.5	-33.17
1273.8	-31.49
1277.5	-32.54
1281.8	-33.37
1285.9	-32.62
1290.2	-33.59
1294.9	-33.13
1298.6	-32.92
1302.3	-33.41
1306.8	-33.54
1310.9	-33.71
1315.0	-33.59
1319.1	-32.42
1323.2	-32.07
1327.6	-33.30
1332.1	-32.57
1336.1	-32.53
1340.3	-31.88
1344.2	-31.97
1348.5	-32.24
1352.4	-33.52
1356.6	-32.94
1360.6	-33.71
1365.1	-33.53
1369.5	-34.43
1374.2	-32.91
1378.2	-33.48
1383.3	-32.83
1387.6	-33.53
1391.1	-33.12
1395.3	-32.81
1399.6	-32.94
1403.4	-32.85
1407.0	-32.34
1411.2	-33.32
1415.6	-32.47
1419.4	-33.46
1423.4	-33.38
1427.9	-32.60
1431.8	-31.63
1435.7	-32.82
1440.2	-33.59
1444.7	-32.90
1448.9	-32.95
1452.9	-32.64
1457.1	-33.33
1461.1	-32.52
1465.0	-32.95
1469.4	-32.91
1474.3	-33.60
1479.2	-33.70
1483.3	-31.83
1487.2	-32.66
1491.5	-31.95
1496.6	-33.18
1500.6	-33.31
1505.0	-32.03
1509.4	-33.93
1513.8	-32.96
1518.1	-33.00
1521.6	-32.87
1525.3	-32.73
1529.4	-33.52
1533.7	-33.06
1538.4	-34.03
1542.7	-32.35
1546.7	-32.68
1550.4	-33.54
1554.9	-33.45
1559.4	-34.37
1563.8	-32.80
1568.1	-32.64
1572.1	-32.83
1576.3	-33.73
1580.3	-31.88
1584.5	-33.86
1589.0	-34.39
1593.2	-33.11
1597.6	-33.07
1601.8	-32.22
1606.0	-31.60
1609.7	-32.89
1613.7	-33.72
1618.5	-33.36
1623.2	-33.32
1627.4	-33.00
1631.8	-33.30
1636.2	-33.06
1640.5	-32.85
1645.8	-32.27
1649.5	-33.22
1654.2	-34.89
1658.3	-32.97
1663.5	-33.33
1668.8	-34.09
1673.2	-33.65
1677.9	-33.01
1682.1	-32.61
1686.7	-33.94
1691.5	-33.72
1696.9	-33.19
1701.2	-32.76
1705.8	-33.10
1710.4	-33.98
1714.8	-32.79
1718.8	-32.55
1722.6	-32.57
1726.6	-32.52
1731.1	-32.24
1734.7	-33.66
1738.9	-31.94
1742.6	-32.92
1747.2	-33.23
1752.3	-33.47
1755.9	-33.45
1760.6	-33.91
1765.1	-33.34
1769.6	-34.26
1774.2	-33.49
1778.7	-33.17
1782.8	-34.11
1786.9	-32.55
1791.5	-31.94
1795.8	-32.80
1800.4	-33.59
1804.7	-33.23
1809.4	-32.26
1813.9	-33.30
1818.9	-33.00
1823.0	-33.45
1827.8	-34.09
1832.0	-33.26
1836.6	-32.91
1840.7	-33.09
1845.1	-33.18
1848.8	-32.63
1853.0	-33.48
1856.9	-32.37
1860.8	-32.41
1865.2	-33.78
1869.6	-32.15
1872.5	-33.20
1876.7	-31.37
1882.9	-33.11
1887.5	-32.59
1891.8	-32.16
1896.1	-32.45
1900.2	-34.10
1904.7	-32.88
1908.8	-31.96
1913.2	-33.04
1917.4	-32.91
1921.4	-33.32
1925.4	-32.69
1930.4	-33.10
1934.6	-32.88
1939.1	-33.22
1943.7	-34.58
1948.9	-34.32
1953.1	-33.26
1957.4	-34.30
1962.1	-33.01
1966.8	-33.42
1970.9	-32.09
1975.7	-32.37
1980.1	-32.61
1983.7	-32.99
1988.3	-33.30
1992.6	-33.00
1996.8	-34.04
2001.4	-33.52
2005.5	-33.50
2009.4	-32.96
2013.8	-32.22
2018.0	-33.22
2022.1	-32.91
2026.1	-32.49
2030.8	-33.29
2035.4	-33.44
2039.3	-32.51
2043.6	-32.67
2047.8	-32.19
2052.3	-34.45
2056.6	-33.46
2061.4	-32.83
2065.9	-32.68
2070.4	-33.23
2075.1	-33.21
2079.6	-33.46
2083.9	-33.16
2088.2	-33.04
2092.7	-32.58
2096.9	-30.41
2101.1	-32.62
2105.0	-32.60
2109.6	-32.72
2113.7	-33.52
2118.3	-33.19
2123.0	-32.92
2127.7	-32.98
2132.2	-33.40
2136.2	-33.85
2141.2	-32.32
2145.9	-32.99
2150.2	-33.19
2154.7	-32.62
2159.4	-32.59
2163.2	-32.94
2167.5	-31.23
2171.3	-32.38
2176.0	-32.61
2180.1	-32.33
2184.1	-33.49
2188.5	-33.06
2192.8	-32.34
2196.6	-32.34
2199.7	-32.94
2203.8	-34.39
2207.9	-33.72
2212.4	-33.22
2217.1	-32.71
2220.5	-32.72
2224.8	-33.46
2229.2	-32.40
2233.0	-33.13
2237.6	-32.65
2242.2	-32.88
2246.7	-32.43
2250.7	-31.70
2254.6	-33.50
2258.2	-32.42
2262.6	-33.06
2266.8	-33.12
2270.8	-32.03
2274.3	-31.56
2278.6	-33.05
2282.7	-32.31
2286.8	-33.85
2290.6	-31.74
2295.4	-32.69
2300.2	-32.25
2304.7	-32.90
2309.3	-33.14
2314.0	-32.86
2318.1	-32.78
2322.5	-32.67
2326.6	-31.55
2330.6	-33.44
2334.8	-32.17
2338.8	-32.59
2342.7	-32.18
2346.3	-31.93
2348.3	-32.97
2350.1	-32.92
2352.1	-33.63
2354.6	-31.70
2356.5	-31.88
2358.9	-32.64
2361.1	-33.47
2363.4	-32.42
2365.4	-32.94
2367.5	-32.45
2369.9	-33.81
2372.3	-33.45
2374.1	-33.80
2376.4	-34.34
2378.4	-32.30
2380.6	-33.44
2382.9	-32.97
2385.5	-32.70
2387.4	-33.36
2389.4	-33.37
2391.5	-33.64
2393.6	-31.93
2395.6	-34.37
2397.6	-32.42
2399.6	-32.53
2401.7	-33.89
2403.7	-33.36
2406.2	-32.48
2408.2	-30.89
2410.0	-32.28
2412.1	-34.01
2414.1	-32.98
2416.0	-32.90
2418.5	-33.52
2420.6	-32.63
2422.6	-31.72
2425.0	-33.40
2426.9	-31.99
2429.0	-32.33
2431.0	-34.13
2433.1	-33.00
2434.8	-30.99
2436.8	-32.93
2438.9	-33.27
2441.4	-33.33
2443.5	-32.03
2445.6	-32.75
2447.8	-31.14
2450.2	-32.76
2452.6	-33.56
2454.7	-33.54
2457.1	-33.81
2459.3	-34.61
2462.1	-31.74
2463.8	-32.48
2466.4	-32.69
2468.3	-33.97
2470.9	-33.25
2472.8	-33.78
2474.6	-32.29
2476.6	-34.00
2478.6	-32.33
2480.8	-33.63
2482.6	-32.91
2484.4	-31.86
2486.5	-33.56
2488.5	-32.16
2491.2	-33.91
2493.3	-33.08
2495.5	-30.84
2497.7	-33.75
2499.8	-32.18
2502.0	-31.75
2503.7	-32.08
2505.8	-31.39
2507.8	-32.60
2509.9	-32.10
2512.3	-33.53
2514.9	-34.35
2516.8	-32.78
2518.9	-31.72
2521.2	-32.65
2523.2	-32.47
2525.6	-33.95
2527.7	-32.43
2530.1	-32.90
2532.3	-32.38
2534.7	-34.28
2536.5	-32.26
2538.6	-31.30
2540.7	-32.27
2542.7	-33.81
2544.6	-32.34
2546.6	-31.88
2548.7	-31.97
2550.5	-31.80
2552.7	-32.70
2555.0	-33.09
2557.0	-33.08
2559.2	-33.21
2561.3	-33.07
2563.7	-32.96
2565.6	-31.18
2567.5	-32.65
2570.1	-34.39
2572.6	-33.45
2574.5	-32.55
2577.3	-34.19
2579.6	-32.72
2582.1	-32.92
2583.6	-31.88
2585.9	-31.59
2587.9	-31.67
2589.9	-32.00
2591.8	-32.19
2593.4	-31.32
2595.2	-33.35
2597.6	-34.83
2600.0	-34.16
2602.0	-33.31
2603.9	-32.66
2606.2	-32.53
2608.5	-32.47
2611.1	-33.14
2613.1	-33.20
2615.5	-33.36
2617.6	-31.50
2619.5	-32.84
2621.7	-32.67
2623.9	-32.26
2626.0	-31.96
2627.9	-31.67
2630.5	-33.07
2632.5	-33.11
2634.6	-32.71
2636.5	-34.50
2638.8	-32.99
2641.7	-32.85
2643.7	-33.70
2646.0	-32.87
2648.0	-31.95
2650.1	-32.56
2652.7	-32.58
2655.0	-31.62
2657.1	-32.77
2659.5	-33.76
2661.6	-32.67
2663.8	-32.37
2665.8	-33.06
2667.7	-31.55
2669.8	-32.51
2672.2	-32.94
2674.4	-34.91
2676.7	-33.42
2679.1	-31.98
2681.4	-32.57
2683.3	-33.15
2685.7	-33.06
2688.1	-32.47
2690.5	-34.32
2692.5	-32.70
2694.6	-33.70
2696.8	-33.00
2698.8	-32.18
2701.2	-31.82
2703.5	-34.37
2705.6	-32.29
2707.8	-32.59
2709.7	-30.30
2711.9	-32.61
2714.1	-32.72
2716.2	-32.46
2718.2	-33.07
2720.8	-34.49
2723.4	-33.49
2726.1	-32.33
2728.1	-31.62
2730.4	-32.33
2732.6	-33.07
2735.1	-33.06
2737.6	-33.49
2740.4	-33.09
2743.1	-33.23
2745.3	-32.36
2747.3	-32.67
2749.3	-33.29
2751.6	-34.39
2753.9	-33.28
2756.4	-32.63
2758.9	-32.26
2761.2	-34.03
2763.2	-32.75
2765.6	-33.48
2768.2	-32.67
2770.4	-31.56
2772.2	-32.64
2774.8	-32.86
2777.4	-32.21
2779.4	-32.24
2781.7	-33.26
2783.9	-32.56
2786.5	-32.82
2788.8	-34.61
2791.4	-32.47
2793.3	-33.58
2795.4	-32.97
2797.8	-33.54
2800.3	-35.48
2802.7	-33.26
2805.2	-31.66
2807.5	-31.48
2809.3	-31.93
2812.2	-33.91
2814.2	-33.80
2816.7	-33.73
2819.0	-33.32
2821.3	-32.52
2823.9	-33.16
2826.1	-34.23
2828.4	-33.60
2830.8	-32.49
2832.7	-33.39
2834.5	-34.60
2837.1	-33.07
2839.4	-33.15
2841.6	-32.99
2844.0	-31.64
2846.4	-32.97
2848.8	-32.12
2851.4	-34.22
2854.1	-33.26
2856.6	-33.89
2858.8	-34.12
2860.8	-34.28
2863.0	-33.49
2865.1	-33.81
2866.8	-32.88
2868.9	-32.84
2871.0	-32.73
2873.5	-32.22
2875.5	-33.53
2877.0	-32.59
2879.4	-34.15
2881.6	-33.67
2883.6	-33.76
2885.9	-32.67
2888.0	-31.44
2889.7	-32.78
2892.6	-32.52
2895.2	-32.99
2897.8	-31.88
2900.1	-33.57
2902.5	-34.10
2905.5	-33.51
2907.5	-33.30
2909.8	-33.01
2911.7	-33.63
2914.3	-33.93
2916.7	-33.28
2919.0	-32.06
2921.0	-32.03
2923.5	-31.88
2925.9	-33.51
2928.4	-32.20
2930.9	-32.08
2933.4	-32.22
2935.5	-32.46
2937.8	-31.56
2940.3	-32.47
2942.8	-32.84
2945.1	-33.05
2947.2	-32.35
2949.6	-33.57
2951.9	-34.10
2954.3	-33.19
2956.9	-32.94
2959.1	-33.26
2961.4	-33.64
2963.6	-34.37
2965.9	-32.87
2968.4	-34.08
2970.8	-33.21
2972.9	-32.45
2975.5	-33.42
2977.6	-32.61
2980.1	-32.54
2982.1	-32.00
2984.3	-32.46
2986.5	-33.89
2989.1	-33.79
2991.6	-33.41
2994.0	-32.75
2996.3	-32.09
2998.5	-33.02
3000.5	-32.32
3002.8	-33.66
3005.7	-34.68
3008.1	-33.01
3010.6	-33.58
3013.0	-32.73
3015.2	-33.28
3017.6	-32.80
3020.2	-32.69
3022.2	-34.32
3024.7	-33.60
3027.2	-32.50
3029.7	-33.91
3032.3	-32.70
3034.5	-33.09
3036.8	-31.76
3039.5	-32.67
3041.8	-33.60
3044.6	-31.82
3046.7	-34.79
3048.8	-34.00
3051.3	-33.80
3053.9	-34.57
3056.9	-34.75
3058.9	-32.25
3061.0	-32.70
3063.6	-32.84
3066.6	-33.62
3069.1	-32.66
3071.0	-32.10
3073.2	-34.06
3075.4	-31.18
3078.0	-31.72
3080.4	-34.00
3082.5	-33.58
3084.8	-33.36
3087.1	-32.29
3089.3	-32.69
3091.6	-33.00
3094.2	-32.38
3096.4	-34.07
3099.0	-33.44
3102.0	-33.55
3104.3	-32.94
3106.8	-32.30
3109.5	-32.62
3111.9	-33.94
3114.3	-33.24
3116.6	-32.77
3119.2	-32.86
3121.3	-32.09
3123.9	-33.48
3126.3	-33.04
3128.4	-33.27
3131.0	-31.81
3133.0	-31.59
3135.0	-33.36
3137.2	-32.98
3139.6	-34.37
3141.6	-32.07
3143.7	-32.51
3146.0	-32.19
3148.4	-33.00
3150.7	-32.47
3152.9	-33.19
3155.5	-34.10
3158.1	-34.04
3160.6	-32.83
3162.9	-32.80
3165.3	-32.12
3167.8	-32.61
3170.4	-33.92
3173.1	-33.11
3175.6	-34.27
3178.0	-32.42
3180.3	-33.41
3182.6	-32.81
3184.8	-32.93
3187.1	-32.49
3189.6	-33.61
3191.6	-31.06
3193.7	-33.80
3196.1	-33.48
3198.7	-33.84
3201.2	-32.76
3203.3	-33.04
3205.7	-33.44
3208.1	-33.60
3210.7	-33.26
3213.0	-34.55
3215.7	-34.02
3218.0	-33.98
3220.4	-33.33
3222.7	-34.33
3225.0	-32.27
3227.0	-33.17
3229.8	-32.71
3232.0	-31.05
3234.1	-32.18
3236.4	-33.39
3239.1	-33.83
3241.5	-33.17
3243.2	-34.07
3245.6	-34.32
3248.1	-33.32
3250.6	-32.61
3252.6	-32.25
3254.8	-32.57
3257.2	-32.60
3259.4	-33.47
3261.5	-33.74
3263.8	-32.19
3266.3	-32.57
3268.6	-33.03
3271.1	-33.00
3273.3	-32.33
3275.5	-33.97
3277.5	-32.46
3280.0	-32.99
3282.5	-33.50
3284.6	-33.42
3287.0	-33.98
3289.2	-33.27
3291.1	-33.27
3293.5	-33.90
3295.7	-32.70
3298.1	-33.53
3300.2	-32.97
3302.5	-32.43
3304.8	-33.00
3306.6	-31.53
3308.5	-32.85
3310.8	-33.05
3313.4	-33.44
3315.7	-33.64
3318.0	-32.94
3320.2	-32.84
3322.4	-32.26
3324.9	-32.41
3327.6	-34.94
3329.8	-33.12
3332.3	-32.44
3334.8	-34.47
3337.2	-31.95
3340.0	-32.58
3342.3	-33.27
3344.8	-32.22
3347.5	-33.47
3349.6	-32.42
3352.3	-33.89
3354.9	-32.72
3357.2	-32.17
3359.4	-31.96
3361.5	-33.51
3364.0	-32.51
3366.8	-32.03
3368.8	-33.56
3371.3	-31.24
3373.6	-31.86
3376.3	-32.43
3378.2	-33.97
3380.7	-34.76
3383.5	-33.77
3385.9	-33.48
3388.5	-33.80
3390.8	-31.90
3393.1	-33.94
3395.8	-32.50
3397.9	-33.23
3400.3	-33.85
3402.6	-31.15
3404.9	-32.65
3407.1	-32.84
3409.5	-33.29
3411.6	-33.34
3414.2	-32.89
3416.8	-33.52
3419.0	-33.13
3421.5	-32.35
3423.5	-32.80
3426.1	-33.36
3428.4	-33.17
3430.8	-33.14
3433.5	-34.23
3436.0	-33.12
3438.4	-33.28
3440.3	-32.76
3442.8	-33.31
3445.5	-33.14
3448.4	-31.81
3450.6	-32.26
3452.7	-32.29
3455.1	-31.84
3457.3	-32.24
3460.0	-31.42
3462.1	-33.13
3464.5	-31.61
3466.6	-32.33
3468.7	-32.86
3470.9	-33.41
3473.5	-33.60
3475.8	-32.65
3478.2	-33.42
3480.4	-33.11
3482.7	-33.43
3485.1	-32.11
3487.9	-33.20
3490.5	-33.05
3492.6	-32.60
3494.9	-32.80
3497.0	-31.50
3499.3	-34.00
3501.5	-33.26
3504.0	-32.72
3506.1	-32.52
3508.3	-33.35
3510.8	-32.63
3513.4	-32.99
3516.0	-34.23
3518.6	-33.43
3521.0	-33.60
3523.7	-35.03
3526.2	-33.07
3528.7	-32.38
3531.2	-33.47
3533.3	-32.94
3535.5	-33.41
3537.6	-33.05
3540.0	-33.22
3542.0	-33.34
3544.5	-33.35
3546.9	-33.39
3549.1	-32.38
3551.4	-32.38
3553.6	-32.44
3556.1	-33.51
3558.2	-32.40
3560.2	-32.72
3562.2	-33.16
3564.6	-33.23
3567.0	-32.62
3569.3	-33.09
3571.6	-33.41
3573.8	-31.99
3576.3	-32.68
3578.6	-33.27
3580.8	-33.12
3582.9	-33.03
3585.4	-32.59
3588.3	-32.65
3590.3	-31.81
3592.1	-31.25
3593.9	-32.83
3596.1	-33.04
3598.7	-32.00
3601.4	-33.54
3604.0	-33.63
3606.5	-32.35
3608.7	-33.06
3610.8	-32.57
3613.1	-33.34
3615.6	-32.80
3618.0	-32.28
3620.2	-32.18
3622.5	-33.10
3625.0	-33.84
3627.5	-33.04
3629.7	-32.75
3632.2	-33.03
3634.7	-33.02
3636.9	-33.62
3639.2	-32.00
3641.6	-31.12
3643.7	-33.48
3645.9	-32.48
3648.4	-31.29
3650.6	-33.32
3652.8	-33.57
3655.0	-34.45
3657.7	-32.93
3659.9	-33.00
3662.5	-32.46
3664.8	-33.04
3667.3	-32.55
3669.7	-33.31
3671.9	-34.54
3674.6	-32.62
3676.7	-31.95
3679.1	-31.80
3681.2	-32.45
3683.4	-31.53
3685.7	-33.11
3688.3	-33.38
3690.5	-32.58
3692.7	-31.96
3695.7	-32.97
3697.8	-32.61
3700.1	-33.45
3702.6	-32.76
3704.9	-32.67
3707.2	-32.30
3709.7	-32.71
3712.1	-32.69
3714.8	-32.36
3717.1	-33.31
3719.5	-31.72
3721.7	-32.32
3723.9	-33.49
3726.6	-33.33
3728.5	-32.56
3730.6	-32.50
3733.0	-32.61
3735.5	-34.10
3737.9	-33.02
3740.3	-33.48
3742.7	-33.07
3745.7	-33.39
3748.2	-35.01
3750.7	-32.78
3753.7	-33.75
3756.2	-32.61
3758.5	-33.69
3761.1	-33.93
3763.5	-32.87
3766.3	-32.69
3768.6	-33.49
3771.0	-33.71
3773.0	-33.19
3775.6	-34.54
3778.1	-33.42
3780.4	-31.97
3783.1	-33.03
3785.3	-33.06
3788.1	-33.46
3790.6	-33.72
3793.3	-32.23
3795.2	-33.33
3797.5	-32.68
3799.8	-32.22
3802.1	-32.96
3804.1	-31.09
3806.2	-31.88
3808.3	-32.61
3810.6	-33.38
3812.8	-32.99
3815.2	-33.04
3817.5	-33.45
3819.6	-32.63
3822.3	-35.00
3824.5	-34.78
3826.2	-33.77
3828.2	-32.72
3830.3	-32.14
3832.4	-31.89
3834.7	-33.66
3837.0	-32.75
3839.4	-32.43
3841.4	-32.07
3843.8	-33.06
3846.6	-33.61
3849.0	-32.61
3851.1	-32.36
3853.4	-33.66
3855.8	-32.34
3858.2	-32.44
3860.9	-32.44
3863.7	-34.04
3865.9	-32.21
3868.5	-34.38
3870.9	-31.93
3872.9	-33.24
3875.6	-32.71
3877.7	-32.69
3880.1	-32.16
3882.6	-32.30
3885.1	-32.63
3887.6	-31.89
3889.7	-32.06
3891.8	-32.96
3893.9	-32.97
3896.4	-33.51
3899.2	-32.70
3901.3	-31.78
3903.7	-32.79
3906.3	-32.34
3908.9	-34.28
3911.3	-33.56
3913.4	-31.88
3916.0	-32.91
3918.1	-32.49
3920.5	-33.85
3923.3	-32.70
3925.5	-32.35
3927.6	-34.25
3930.1	-33.69
3932.7	-31.97
3935.2	-32.81
3938.1	-32.73
3940.8	-32.59
3944.3	-33.09
3946.4	-32.76
3948.7	-33.36
3951.1	-31.90
3953.6	-33.12
3956.2	-33.26
3958.4	-32.00
3961.2	-31.73
3963.4	-33.80
3966.0	-32.65
3968.4	-33.48
3970.7	-32.38
3973.1	-33.69
3976.0	-33.73
3978.5	-32.92
3980.8	-33.02
3982.9	-31.99
3984.9	-33.36
3987.4	-33.59
3989.9	-32.03
3992.2	-34.02
3995.0	-33.48
3997.3	-33.40
4000.0	-32.63
4002.0	-32.84
4004.3	-32.19
4007.0	-33.10
4009.4	-34.94
4011.7	-32.79
4014.4	-33.94
4017.1	-33.17
4019.3	-33.91
4022.1	-33.69
4024.7	-33.08
4027.4	-32.96
4029.7	-32.52
4032.3	-32.70
4034.8	-33.15
4037.3	-32.63
4039.7	-32.43
4042.4	-34.15
4044.5	-35.55
4046.7	-32.58
4049.3	-33.24
4051.8	-31.94
4054.5	-32.91
4057.0	-34.45
4059.4	-33.01
4062.1	-33.89
4064.8	-32.70
4067.7	-34.32
4070.2	-33.32
4072.8	-33.05
4075.2	-32.56
4077.8	-32.82
4079.9	-31.95
4082.1	-32.03
4084.7	-33.62
4087.6	-33.27
4090.2	-32.34
4093.0	-32.93
4095.6	-33.00
4097.7	-31.87
4100.5	-32.10
4102.7	-32.03
4105.1	-33.24
4107.5	-32.02
4109.8	-32.39
4112.5	-34.04
4114.8	-31.83
4117.2	-34.26
4119.6	-32.76
4122.4	-32.92
4125.0	-33.73
4127.6	-34.02
4130.4	-34.25
4133.0	-33.09
4135.7	-34.32
4138.9	-32.81
4141.6	-33.55
4143.9	-33.82
4146.6	-33.03
4149.3	-31.71
4151.5	-32.59
4153.6	-33.63
4156.5	-35.35
4159.2	-33.99
4161.8	-33.39
4164.6	-32.37
4167.2	-33.76
4169.8	-32.71
4172.0	-33.23
4174.4	-34.15
4176.9	-33.76
4179.3	-32.76
4181.5	-33.05
4183.8	-32.65
4186.0	-31.63
4188.0	-32.50
4190.5	-32.70
4193.4	-32.03
4195.8	-31.83
4198.3	-32.59
4200.5	-33.17
4202.8	-32.60
4204.9	-32.86
4207.9	-32.15
4210.0	-32.29
4212.7	-33.33
4215.4	-33.68
4218.0	-33.61
4220.7	-32.89
4223.0	-33.35
4225.5	-32.75
4228.3	-32.81
4230.8	-33.84
4233.1	-31.69
4235.6	-33.56
4238.3	-32.83
4240.7	-32.90
4243.6	-32.58
4245.6	-32.32
4247.9	-32.63
4250.8	-34.35
4253.2	-32.91
4255.5	-34.09
4258.2	-32.78
4260.7	-31.15
4262.6	-32.46
4264.9	-32.47
4267.3	-32.93
4269.8	-34.35
4272.5	-33.20
4275.2	-32.17
4278.3	-33.22
4280.7	-32.74
4283.8	-33.67
4286.9	-32.58
4289.6	-33.50
4292.4	-33.63
4294.9	-34.01
4297.8	-33.28
4300.0	-33.06
4302.7	-33.07
4305.4	-33.57
4308.1	-32.91
4310.5	-32.47
4312.9	-32.74
4315.0	-33.13
4317.4	-33.30
4319.8	-32.64
4322.3	-34.35
4325.0	-32.34
4328.0	-33.26
4330.9	-32.54
4333.6	-33.55
4336.4	-33.28
4339.2	-32.19
4341.4	-33.96
4344.5	-32.80
4347.1	-33.22
4349.6	-32.60
4352.2	-32.52
4355.0	-32.71
4357.5	-32.22
4360.4	-34.56
4363.8	-33.34
4366.3	-33.41
4368.7	-32.56
4371.4	-32.40
4374.0	-33.31
4376.4	-31.62
4378.6	-33.19
4380.6	-33.20
4382.8	-32.87
4385.5	-34.18
4388.4	-33.53
4390.9	-32.88
4393.4	-32.53
4396.0	-32.84
4398.5	-33.01
4401.5	-33.35
4404.4	-33.53
4406.9	-33.12
4409.5	-33.17
4412.1	-34.02
4414.9	-32.15
4417.1	-32.71
4419.5	-32.27
4422.3	-33.05
4425.0	-32.85
4427.2	-33.34
4429.8	-32.10
4432.6	-33.03
4434.5	-33.52
4436.8	-32.36
4439.6	-33.19
4442.3	-32.34
4444.6	-32.09
4446.7	-31.54
4449.3	-33.17
4451.8	-34.03
4454.7	-33.39
4457.6	-34.20
4460.4	-33.10
4464.0	-32.98
4466.7	-33.09
4469.3	-32.92
4472.4	-33.13
4475.0	-32.76
4478.0	-33.96
4480.7	-32.66
4483.1	-34.32
4485.7	-33.21
4487.8	-32.97
4489.8	-33.26
4492.9	-33.10
4495.7	-33.69
4498.5	-34.71
4501.4	-33.25
4504.0	-33.96
4507.0	-32.67
4510.1	-33.46
4512.5	-32.65
4514.8	-33.56
4518.0	-34.24
4520.5	-32.66
4523.3	-33.35
4525.8	-33.21
4528.8	-33.01
4531.1	-33.55
4533.3	-35.10
4535.7	-33.73
4538.5	-32.51
4541.4	-32.32
4544.2	-33.81
4546.6	-33.13
4549.1	-33.53
4551.9	-33.01
4554.2	-32.66
4556.8	-33.43
4559.5	-32.41
4562.5	-33.19
4565.1	-34.85
4567.7	-33.84
4570.9	-31.95
4573.4	-34.54
4576.0	-33.48
4578.5	-32.54
4580.9	-32.87
4583.8	-34.15
4586.5	-33.37
4589.2	-33.89
4592.1	-32.47
4594.7	-32.82
4596.9	-33.76
4599.8	-33.56
4602.4	-33.35
4604.7	-32.87
4607.9	-32.87
4610.7	-33.12
4613.0	-32.92
4615.6	-33.01
4618.2	-33.72
4621.2	-33.65
4623.5	-31.30
4626.0	-33.78
4628.9	-34.02
4631.5	-33.76
4634.5	-32.66
4636.8	-33.03
4639.3	-32.72
4641.7	-33.64
4644.4	-32.44
4647.0	-33.14
4650.1	-33.76
4652.4	-33.12
4655.5	-33.71
4658.6	-33.85
4661.2	-34.11
4663.8	-32.23
4666.6	-32.56
4668.6	-31.83
4670.7	-32.70
4673.3	-32.62
4676.3	-32.76
4678.8	-32.50
4681.5	-33.33
4684.4	-32.35
4687.0	-32.70
4689.6	-33.87
4692.3	-33.31
4695.0	-32.44
4697.8	-33.22
4700.8	-34.51
4703.6	-33.16
4706.2	-34.06
4708.7	-34.27
4711.5	-33.80
4713.9	-33.41
4716.6	-35.37
4719.4	-32.73
4722.0	-32.90
4724.3	-32.01
4726.8	-31.64
4729.1	-32.89
4732.0	-31.23
4735.1	-32.78
4737.6	-33.85
4740.5	-31.85
4743.3	-33.63
4745.9	-32.43
4748.0	-32.78
4749.9	-32.73
4752.6	-33.27
4756.1	-33.71
4758.8	-33.59
4761.7	-32.96
4764.3	-32.50
4767.3	-33.42
4769.9	-33.36
4772.7	-33.28
4775.5	-33.43
4778.1	-34.45
4781.4	-33.70
4784.4	-34.38
4787.1	-33.34
4790.1	-33.57
4792.7	-33.16
4795.5	-32.25
4798.3	-32.76
4800.8	-33.09
4803.5	-33.46
4806.1	-32.37
4808.7	-33.58
4811.6	-33.31
4814.3	-33.12
4817.0	-33.83
4819.7	-32.41
4822.7	-33.76
4825.7	-33.10
4834.5	-32.97
4837.0	-33.96
4839.9	-32.11
4842.6	-32.25
4845.7	-33.10
4848.5	-33.81
4851.9	-33.15
4854.8	-31.97
4857.4	-32.07
4860.0	-33.34
4862.8	-34.02
4865.3	-32.62
4867.9	-32.22
4870.5	-32.42
4873.3	-32.50
4875.8	-33.51
4878.6	-34.20
4880.9	-32.68
4884.0	-34.05
4887.0	-31.44
4889.8	-34.18
4892.6	-33.07
4894.9	-33.93
4898.1	-32.54
4900.8	-32.89
4903.4	-32.97
4906.2	-33.37
4909.0	-33.17
4911.7	-34.27
4914.2	-33.71
4916.7	-32.52
4919.6	-33.73
4922.3	-32.98
4925.3	-33.53
4927.7	-32.50
4930.0	-32.82
4932.8	-33.45
4935.7	-33.19
4938.2	-34.16
4941.1	-34.58
4943.9	-33.50
4946.8	-34.04
4949.6	-33.64
4952.2	-34.16
4955.0	-33.76
4957.6	-33.86
4960.7	-34.24
4963.8	-33.41
4966.5	-33.62
4969.3	-34.14
4971.7	-32.50
4974.3	-33.41
4977.0	-33.42
4980.0	-33.51
4983.2	-32.56
4985.8	-35.04
4988.9	-33.72
4991.5	-33.85
4994.5	-33.75
4997.1	-33.93
5000.2	-32.38
5002.7	-33.21
5005.5	-34.00
5007.9	-33.29
5010.7	-33.59
5013.5	-33.39
5016.0	-33.57
5019.0	-32.92
5022.2	-32.44
5024.9	-32.66
5027.0	-33.02
5029.6	-32.86
5032.2	-32.23
5034.4	-32.42
5037.0	-33.51
5039.6	-32.59
5042.1	-31.23
5044.6	-32.86
5047.2	-33.09
5049.8	-32.03
5052.5	-32.69
5055.6	-34.14
5058.4	-33.46
5061.2	-34.54
5064.2	-32.97
5067.1	-33.53
5070.1	-33.18
5072.7	-33.92
5075.8	-34.12
5078.6	-32.56
5081.2	-33.47
5083.8	-34.28
5086.5	-33.61
5088.9	-32.75
5092.3	-34.07
5094.9	-32.75
5097.2	-32.14
5099.8	-33.06
5102.3	-33.54
5104.9	-32.89
5107.5	-32.34
5110.6	-34.64
5113.5	-34.96
5116.3	-33.03
5119.3	-33.09
5121.9	-32.95
5124.8	-33.38
5127.8	-32.15
5130.9	-31.82
5134.1	-33.77
5137.3	-33.75
5140.0	-32.23
5142.4	-34.02
5144.9	-33.02
5147.8	-32.99
5150.7	-32.82
5153.1	-33.35
5155.6	-32.46
5158.4	-32.68
5161.8	-34.10
5164.5	-33.73
5167.3	-33.69
5169.8	-33.37
5172.8	-32.48
5175.4	-32.47
5178.0	-34.02
5180.8	-32.40
5183.2	-32.45
5185.8	-33.74
5188.3	-33.25
5190.4	-33.76
5193.3	-33.84
5196.0	-33.42
5199.0	-33.53
5203.1	-33.45
5205.5	-34.97
5208.0	-33.39
5211.1	-33.54
5214.1	-31.86
5216.5	-33.35
5219.0	-34.09
5222.4	-34.06
5225.6	-35.19
5228.6	-32.59
5231.0	-33.94
5234.0	-33.03
5236.8	-34.60
5239.8	-31.89
5242.1	-33.35
5244.8	-32.39
5247.4	-33.19
5250.1	-33.39
5253.4	-32.92
5256.1	-32.78
5258.4	-33.22
5261.0	-33.00
5263.4	-32.19
5266.2	-33.28
5268.7	-32.65
5271.2	-33.15
5274.1	-33.63
5277.4	-32.42
5280.5	-34.07
5283.4	-33.29
5286.3	-32.27
5288.9	-33.46
5291.9	-33.47
5294.9	-32.54
5297.6	-34.16
5300.5	-33.95
5303.4	-32.95
5306.7	-33.94
5309.8	-33.13
5312.6	-33.50
5315.3	-33.07
5317.9	-31.67
5320.6	-33.03
5323.5	-33.37
5326.0	-33.96
5329.1	-34.30
5331.7	-33.82
5334.3	-33.79
5337.4	-33.10
5339.8	-33.55
5342.7	-32.70
5345.4	-33.21
5348.2	-33.25
5350.7	-33.37
5353.3	-33.78
5356.1	-34.60
5358.9	-33.25
5361.5	-33.49
5364.3	-33.65
5366.8	-34.38
5369.7	-33.34
5373.2	-33.67
5376.5	-32.58
5379.5	-33.27
5382.5	-34.00
5385.6	-34.64
5388.6	-33.52
5391.5	-33.02
5394.1	-32.85
5396.4	-34.08
5399.5	-33.48
5402.5	-33.32
5404.8	-31.40
5407.0	-33.28
5410.3	-32.77
5413.0	-33.89
5416.0	-33.11
5419.0	-32.54
5421.9	-33.30
5424.4	-32.19
5427.7	-33.84
5430.6	-32.42
5433.6	-34.54
5436.6	-32.62
5439.5	-33.30
5443.1	-33.56
5446.0	-31.72
5448.6	-32.23
5451.4	-33.37
5454.5	-33.24
5457.5	-33.26
5460.3	-32.80
5463.3	-34.31
5466.0	-34.26
5468.8	-33.84
5471.9	-34.19
5474.9	-33.56
5477.9	-34.22
5480.7	-33.72
5484.1	-33.66
5487.1	-32.33
5490.1	-33.05
5493.3	-34.26
5496.3	-33.36
5499.4	-34.19
5502.0	-32.97
5504.9	-32.87
5507.4	-34.10
5510.5	-33.00
5513.4	-32.88
5516.0	-32.49
5518.5	-32.63
5521.6	-33.65
5524.4	-32.76
5527.3	-32.90
5529.8	-32.87
5532.6	-33.45
5535.4	-33.25
5538.9	-33.69
5542.0	-33.13
5544.7	-33.41
5547.6	-33.66
5551.1	-32.61
5553.5	-31.02
5556.2	-33.52
5559.4	-32.67
5562.7	-33.89
5565.3	-34.48
5567.9	-33.50
5570.5	-32.88
5573.3	-32.95
5576.2	-33.29
5579.6	-32.96
5581.9	-32.99
5584.8	-32.86
5587.7	-32.60
5590.7	-33.00
5593.9	-33.50
5596.5	-33.14
5599.8	-33.38
5602.9	-32.80
5605.9	-32.60
5608.2	-33.40
5611.2	-32.67
5613.9	-33.01
5616.3	-34.27
5619.4	-33.30
5622.6	-32.06
5625.3	-33.08
5628.0	-33.60
5631.0	-33.00
5633.7	-33.42
5636.9	-33.45
5639.2	-33.78
5642.1	-33.33
5645.0	-33.13
5647.9	-33.94
5651.5	-34.38
5654.9	-33.94
5657.9	-33.59
5660.8	-33.13
5663.9	-32.84
5667.2	-33.93
5670.0	-34.77
5672.9	-33.49
5676.1	-32.97
5679.3	-32.96
5682.6	-34.18
5686.3	-33.13
5688.9	-33.13
5691.5	-33.63
5694.2	-33.87
5697.0	-32.82
5700.1	-33.07
5703.0	-32.92
5705.8	-32.72
5708.5	-32.82
5711.7	-34.29
5715.2	-33.84
5718.2	-32.92
5720.9	-33.15
5724.0	-33.54
5727.0	-33.44
5730.2	-32.76
5732.8	-32.86
5736.5	-34.07
5739.4	-32.81
5742.6	-33.60
5745.6	-33.15
5748.0	-33.65
5751.1	-33.30
5754.2	-33.36
5757.0	-33.07
5759.8	-32.49
5762.8	-33.72
5765.9	-33.24
5768.7	-33.67
5771.9	-34.30
5775.7	-33.17
5778.8	-33.54
5783.0	-34.20
5786.2	-32.49
5789.3	-33.20
5792.4	-32.48
5795.1	-32.52
5798.1	-33.16
5801.4	-32.74
5804.0	-34.74
5806.8	-33.80
5809.7	-34.20
5812.7	-32.38
5816.0	-32.87
5819.4	-33.75
5822.3	-33.13
5825.0	-34.09
5827.9	-33.52
5830.4	-32.81
5833.6	-33.87
5836.6	-32.62
5839.6	-33.56
5842.5	-33.27
5845.4	-32.81
5848.6	-33.03
5851.5	-33.58
5854.4	-32.54
5857.4	-32.73
5860.4	-33.38
5863.6	-33.36
5867.1	-33.46
5870.5	-33.80
5873.9	-33.43
5877.0	-33.50
5879.5	-34.78
5882.8	-34.38
5886.1	-34.67
5889.6	-33.40
5892.6	-34.58
5896.0	-33.42
5899.4	-33.24
5902.5	-33.50
5906.5	-34.25
5909.3	-33.62
5911.8	-32.28
5915.0	-32.41
5918.1	-33.59
5921.4	-33.51
5924.8	-34.36
5928.1	-32.95
5931.2	-32.91
5934.3	-33.20
5937.8	-33.76
5941.3	-35.15
5944.7	-33.26
5947.9	-33.33
5950.8	-33.38
5954.1	-33.07
5957.3	-33.62
5960.7	-33.11
5963.8	-33.85
5967.3	-33.52
5970.5	-33.57
5974.2	-34.72
5977.4	-34.68
5979.7	-34.22
5982.2	-34.40
5985.7	-32.85
5988.6	-32.99
5991.8	-33.62
5995.1	-33.19
5998.6	-32.93
6001.6	-33.38
6004.5	-33.22
6007.5	-33.60
6011.4	-33.60
6014.0	-32.07
6017.0	-34.73
6020.7	-35.05
6024.4	-33.43
6027.2	-34.03
6030.5	-34.09
6033.3	-33.83
6036.6	-34.39
6039.4	-34.00
6042.6	-33.29
6046.0	-33.71
6049.6	-33.65
6052.4	-34.05
6055.8	-33.49
6058.9	-33.95
6062.3	-34.06
6064.9	-33.33
6068.0	-34.04
6071.0	-34.17
6074.4	-34.39
6077.4	-33.60
6080.8	-33.42
6083.6	-33.67
6086.1	-33.77
6089.6	-32.98
6093.1	-33.52
6096.3	-33.39
6099.2	-34.33
6102.6	-33.43
6105.8	-33.87
6109.0	-34.09
6111.9	-33.66
6115.4	-33.75
6119.0	-33.44
6122.6	-34.04
6126.1	-34.17
6129.3	-33.84
6133.3	-34.55
6136.3	-32.55
6139.1	-34.69
6142.6	-34.99
6145.7	-33.57
6148.8	-33.51
6152.3	-33.74
6155.4	-33.49
6158.6	-33.33
6161.4	-33.97
6165.3	-33.48
6168.3	-34.47
6178.0	-33.36
6180.8	-33.12
6183.7	-33.85
6187.0	-32.99
6190.5	-32.77
6193.6	-33.87
6196.5	-33.68
6199.7	-33.40
6202.9	-33.25
6206.3	-34.23
6209.5	-33.87
6212.9	-34.42
6215.6	-33.75
6218.8	-33.61
6221.9	-33.20
6225.1	-33.07
6228.1	-33.60
6230.8	-34.08
6234.2	-32.95
6237.2	-32.00
6240.2	-33.84
6243.5	-32.84
6247.0	-34.44
6250.2	-33.70
6253.5	-33.18
6256.4	-33.91
6259.6	-33.46
6262.6	-31.85
6265.3	-30.96
6268.4	-33.65
6272.0	-33.53
6275.1	-34.02
6278.7	-33.52
6282.1	-32.78
6286.6	-33.45
6289.1	-33.77
6291.9	-33.25
6295.2	-33.85
6297.9	-33.25
6301.0	-34.47
6304.1	-33.31
6307.7	-33.88
6311.6	-32.50
6314.9	-32.96
6317.8	-33.76
6321.1	-33.47
6324.2	-33.10
6327.7	-33.14
6330.5	-33.04
6334.0	-34.26
6337.2	-34.35
6340.4	-33.81
6343.8	-33.71
6347.5	-34.95
6350.4	-32.90
6353.8	-33.86
6356.9	-33.38
6359.9	-32.95
6363.2	-34.04
6367.0	-33.65
6370.2	-32.51
6373.4	-33.24
6376.7	-32.73
6380.4	-33.77
6383.9	-33.75
6387.1	-34.38
6390.3	-33.67
6393.4	-33.24
6396.6	-32.72
6399.6	-32.70
6402.6	-31.86
6405.6	-34.31
6408.6	-33.96
6411.8	-33.88
6415.4	-33.73
6417.7	-32.50
6421.3	-33.54
6424.1	-34.10
6427.3	-34.65
6430.2	-32.80
6433.9	-33.17
6437.6	-32.90
6440.8	-33.54
6444.1	-33.20
6447.1	-32.31
6450.6	-34.03
6453.7	-33.97
6456.1	-34.72
6458.9	-33.87
6461.8	-33.44
6465.4	-34.38
6468.2	-33.61
6471.2	-32.74
6473.8	-32.64
6476.2	-33.19
6479.8	-34.61
6483.4	-33.90
6486.4	-33.48
6489.2	-32.92
6492.7	-32.47
6496.0	-33.58
6499.1	-32.76
6502.7	-33.83
6506.0	-33.71
6509.4	-33.27
6512.3	-33.97
6515.8	-34.01
6518.7	-33.38
6521.7	-33.20
6524.6	-32.12
6527.8	-34.01
6531.3	-33.35
6534.4	-32.82
6537.0	-32.76
6540.4	-32.71
6543.8	-33.62
6546.8	-32.72
6549.6	-33.75
6553.5	-34.17
6556.7	-32.93
6559.7	-32.67
6562.6	-33.42
6566.2	-32.38
6569.4	-32.35
6572.7	-34.31
6576.2	-31.61
6578.7	-32.56
6581.7	-33.41
6585.2	-33.01
6588.5	-34.18
6592.2	-32.81
6595.4	-33.18
6598.3	-33.69
6601.5	-34.05
6605.0	-33.33
6608.1	-32.23
6611.1	-34.05
6614.2	-34.05
6617.1	-34.24
6620.6	-34.05
6623.6	-32.76
6626.9	-33.10
6631.1	-34.21
6634.2	-32.59
6637.2	-33.72
6640.5	-34.24
6643.5	-33.29
6647.1	-34.08
6650.9	-33.95
6654.1	-32.24
6657.7	-33.37
6660.8	-34.93
6664.1	-33.40
6667.0	-33.77
6670.0	-33.11
6673.2	-33.59
6676.8	-33.96
6680.0	-33.83
6683.1	-33.25
6685.9	-33.28
6689.4	-34.30
6692.8	-34.22
6696.4	-33.18
6699.3	-34.22
6702.8	-33.53
6706.7	-32.92
6709.9	-33.47
6713.2	-33.54
6716.8	-33.35
6719.9	-33.81
6723.4	-33.06
6726.7	-32.69
6729.9	-33.35
6733.1	-33.54
6736.7	-33.56
6739.9	-32.40
6743.2	-32.94
6746.6	-32.74
6749.8	-34.26
6753.1	-34.28
6756.9	-33.86
6759.8	-32.77
6763.3	-32.95
6766.2	-34.35
6769.9	-33.00
6773.1	-33.46
6776.4	-33.50
6779.6	-33.59
6783.2	-33.98
6786.2	-33.06
6789.5	-33.10
6793.0	-33.23
6796.6	-33.80
6799.7	-33.46
6803.6	-34.01
6807.1	-32.36
6809.9	-32.42
6812.7	-33.12
6816.4	-33.55
6820.3	-33.43
6824.3	-35.18
6827.5	-33.31
6830.5	-33.61
6833.6	-34.41
6837.0	-34.25
6840.5	-34.47
6843.7	-35.06
6847.0	-32.45
6850.5	-33.74
6853.9	-34.60
6857.8	-33.33
6860.9	-34.00
6864.5	-34.42
6867.8	-33.20
6871.1	-34.19
6874.6	-34.02
6878.2	-33.89
6881.7	-34.79
6885.7	-34.09
6889.4	-33.49
6893.4	-34.09
6896.8	-34.08
6900.3	-32.77
6903.5	-33.67
6907.4	-32.85
6910.5	-33.08
6913.8	-33.71
6917.4	-33.90
6920.5	-33.19
6923.8	-33.55
6927.4	-33.89
6930.6	-33.17
6934.2	-33.73
6938.0	-33.06
6940.9	-33.10
6944.7	-33.32
6948.2	-33.87
6951.7	-34.41
6955.0	-33.83
6958.1	-33.34
6961.8	-33.59
6964.9	-34.34
6968.7	-33.70
6972.1	-33.85
6975.4	-34.32
6978.4	-33.70
6981.8	-33.86
6985.0	-33.99
6988.5	-33.72
6991.6	-32.39
6995.1	-33.38
6998.2	-33.63
7001.8	-34.24
7005.3	-33.98
7009.1	-33.91
7012.0	-33.04
7015.2	-33.34
7018.6	-33.46
7022.1	-33.20
7025.3	-32.74
7029.3	-34.05
7032.5	-32.56
7035.5	-33.44
7039.0	-33.64
7043.0	-34.42
7046.1	-34.45
7049.2	-34.66
7052.9	-33.59
7057.1	-33.87
7060.4	-33.68
7063.8	-32.77
7067.2	-35.28
7070.7	-33.51
7074.2	-33.97
7078.4	-34.48
7082.1	-34.28
7086.4	-34.06
7089.6	-34.12
7093.1	-33.85
7096.6	-34.20
7100.7	-33.34
7104.7	-34.71
7108.4	-34.01
7111.6	-33.14
7114.8	-34.28
7118.4	-35.21
7122.1	-33.95
7125.9	-33.94
7129.7	-32.99
7132.9	-34.00
7137.0	-35.09
7140.7	-34.04
7144.1	-33.29
7148.0	-34.01
7151.8	-34.16
7155.6	-33.43
7159.8	-33.99
7164.3	-32.49
7168.4	-33.79
7172.2	-33.48
7175.7	-35.06
7179.2	-33.56
7182.9	-34.90
7186.9	-34.04
7190.2	-33.33
7193.5	-34.27
7197.6	-33.91
7200.9	-33.22
7204.5	-34.04
7207.9	-33.85
7212.0	-33.82
7215.8	-33.71
7220.1	-35.02
7223.9	-34.57
7227.9	-33.86
7231.8	-33.40
7236.7	-33.13
7240.4	-33.93
7243.8	-32.91
7247.1	-33.71
7251.1	-34.37
7255.1	-33.94
7258.6	-34.20
7262.1	-33.90
7265.7	-33.66
7269.6	-33.01
7273.4	-34.26
7276.5	-33.39
7280.8	-34.32
7285.0	-34.36
7289.0	-35.19
7293.3	-34.33
7297.1	-33.94
7301.0	-32.89
7304.8	-33.60
7308.4	-33.97
7312.0	-34.19
7315.4	-33.17
7319.0	-32.21
7323.0	-34.41
7327.6	-34.56
7331.5	-33.24
7335.7	-33.61
7339.5	-33.09
7342.8	-34.53
7346.8	-32.57
7350.3	-34.22
7353.8	-34.14
7358.3	-33.98
7362.3	-34.39
7366.5	-33.42
7370.5	-34.79
7374.2	-34.70
7378.0	-33.71
7382.1	-34.32
7386.4	-33.90
7391.5	-34.69
7395.1	-33.57
7398.3	-33.78
7402.1	-34.69
7406.9	-32.75
7410.6	-33.91
7414.6	-33.56
7418.5	-33.47
7422.8	-33.11
7427.0	-34.11
7431.1	-33.84
7434.9	-34.93
7438.5	-33.89
7442.9	-34.07
7446.8	-32.74
7450.3	-34.30
7454.6	-34.37
7458.5	-32.58
7461.9	-33.04
7465.8	-33.66
7469.8	-33.79
7473.9	-33.54
7477.5	-33.73
7481.1	-34.69
7485.5	-35.34
7489.6	-34.00
7493.9	-35.14
7498.1	-34.37
7502.0	-34.26
7505.9	-34.34
7509.6	-33.46
7513.7	-32.99
7517.5	-33.44
7521.2	-34.42
7524.9	-33.31
7528.3	-34.73
7532.4	-34.10
7536.4	-33.44
7539.8	-32.93
7543.6	-33.50
7547.8	-34.58
7551.5	-33.39
7555.2	-33.81
7559.4	-33.50
7563.6	-33.71
7567.6	-33.85
7571.7	-34.63
7575.5	-33.72
7578.7	-33.35
7582.3	-34.02
7586.3	-34.18
7589.8	-33.68
7593.4	-34.19
7597.5	-33.84
7601.6	-33.51
7605.5	-34.92
7609.5	-33.73
7613.2	-33.97
7617.9	-34.30
7621.6	-34.31
7625.7	-33.98
7629.7	-34.22
7633.8	-34.27
7637.6	-33.84
7641.5	-33.99
7646.1	-33.50
7649.8	-32.74
7653.5	-34.89
7657.2	-34.22
7660.7	-33.16
7664.6	-33.69
7668.4	-33.82
7672.3	-34.52
7676.7	-34.31
7681.2	-34.16
7685.4	-35.14
7689.8	-33.76
7693.5	-34.74
7697.5	-33.38
7701.4	-33.66
7705.8	-33.71
7709.2	-34.38
7713.1	-34.29
7717.3	-34.38
7722.0	-33.60
7725.2	-33.89
7729.0	-33.51
7732.7	-34.18
7736.4	-33.20
7740.5	-35.09
7744.5	-34.60
7748.6	-33.98
7753.0	-34.48
7757.1	-33.91
7760.8	-34.46
7764.9	-33.72
7769.4	-33.94
7773.7	-33.24
7777.7	-35.15
7781.5	-34.56
7785.4	-33.27
7788.5	-33.13
7792.3	-34.50
7796.6	-35.06
7800.3	-33.64
7804.3	-34.98
7808.2	-33.32
7812.3	-33.37
7816.4	-34.25
7820.5	-34.84
7824.7	-33.99
7829.2	-34.83
7833.0	-33.92
7836.9	-34.00
7841.9	-35.94
7846.0	-34.38
7849.8	-33.72
7853.9	-35.01
7858.1	-35.99
7862.5	-35.32
7866.7	-33.99
7870.0	-34.83
7873.9	-34.88
7877.7	-34.67
7881.7	-33.25
7886.1	-33.59
7890.2	-34.60
7894.3	-34.58
7898.3	-34.75
7901.8	-34.64
7905.8	-34.95
7909.7	-35.23
7914.0	-34.86
7918.4	-34.53
7922.3	-34.04
7926.2	-35.55
7930.2	-32.83
7934.1	-34.06
7938.1	-35.20
7941.9	-34.29
7946.2	-35.24
7950.6	-34.60
7954.4	-34.68
7958.4	-33.14
7962.0	-35.42
7966.0	-34.61
7969.7	-34.44
7974.3	-34.69
7978.9	-33.68
7982.9	-34.60
7986.9	-35.55
7990.9	-34.02
7995.6	-34.02
7999.7	-33.73
8003.5	-34.48
8007.1	-34.85
8011.2	-34.59
8014.9	-33.92
8019.6	-35.14
8023.8	-34.41
8027.9	-34.02
8031.5	-33.63
8035.0	-35.12
8039.5	-34.54
8043.9	-34.35
8047.4	-34.61
8050.8	-34.11
8054.7	-34.72
8059.1	-33.95
8063.1	-34.16
8067.5	-34.75
8071.5	-34.71
8076.0	-34.52
8080.2	-33.32
8084.8	-33.69
8088.9	-33.96
8093.0	-32.88
8096.8	-34.01
8100.5	-34.32
8104.3	-34.27
8108.1	-33.60
8112.1	-33.98
8116.3	-33.93
8120.4	-34.92
8124.2	-33.69
8127.6	-33.86
8132.1	-34.07
8136.1	-34.75
8140.4	-34.55
8144.0	-34.36
8148.1	-34.90
8151.8	-34.56
8155.6	-34.63
8159.8	-34.54
8163.8	-34.18
8167.6	-35.02
8171.6	-34.20
8175.7	-33.58
8180.0	-34.08
8183.9	-31.71
8188.4	-34.48
8191.9	-34.13
8195.3	-33.25
8199.5	-34.52
8203.6	-34.08
8207.6	-34.23
8212.0	-35.35
8216.3	-34.65
8220.9	-35.04
8225.2	-34.54
8229.2	-34.55
8232.7	-34.40
8236.9	-34.79
8241.1	-34.00
8245.1	-33.41
8248.8	-33.71
8252.7	-34.90
8256.8	-33.38
8261.0	-34.03
8265.0	-34.07
8269.5	-34.40
8273.5	-33.90
8278.0	-34.36
8282.6	-34.60
8287.5	-34.08
8291.5	-33.15
8295.9	-34.30
8299.2	-35.03
8303.3	-34.63
8308.2	-34.72
8311.9	-33.32
8315.9	-33.72
8319.5	-33.59
8323.4	-33.44
8326.8	-32.93
8331.1	-34.00
8335.5	-33.04
8339.9	-35.09
8345.5	-33.62
8349.5	-33.99
8353.2	-34.07
8357.7	-33.57
8362.1	-34.30
8365.8	-33.58
8369.8	-33.77
8374.0	-34.46
8378.5	-33.59
8383.2	-34.73
8387.9	-35.25
8392.2	-35.32
8396.6	-34.98
8401.3	-34.89
8405.4	-33.47
8409.8	-34.52
8414.0	-34.40
8418.1	-34.35
8422.8	-34.27
8426.7	-34.43
8431.3	-33.60
8434.9	-32.62
8438.7	-34.73
8443.1	-33.72
8447.4	-34.05
8452.0	-34.29
8456.5	-34.20
8460.7	-34.79
8465.0	-34.96
8469.1	-34.06
8473.2	-34.20
8477.7	-34.35
8482.0	-34.75
8487.1	-35.18
8491.4	-33.59
8495.6	-34.31
8500.1	-34.65
8504.8	-34.17
8509.6	-33.72
8514.1	-34.75
8518.6	-34.11
8523.5	-34.36
8529.1	-33.45
8532.8	-33.16
8536.6	-34.74
8541.3	-34.79
8545.2	-33.83
8549.4	-33.99
8553.4	-33.94
8558.0	-34.24
8562.4	-33.65
8566.7	-34.39
8570.8	-34.66
8575.1	-33.85
8579.5	-34.84
8583.4	-33.90
8587.9	-33.73
8592.0	-34.80
8596.2	-33.93
8600.6	-33.68
8604.8	-35.07
8609.4	-33.68
8613.9	-34.05
8618.2	-35.16
8622.5	-33.91
8627.1	-33.88
8631.5	-33.97
8635.9	-33.30
8639.9	-33.96
8643.8	-32.91
8648.5	-33.97
8653.2	-32.47
8658.1	-35.07
8662.6	-33.97
8667.5	-34.03
8671.8	-34.49
8676.1	-34.05
8680.6	-34.30
8685.2	-33.61
8689.3	-34.65
8693.5	-33.52
8697.9	-34.84
8703.8	-33.75
8707.7	-33.17
8711.6	-33.76
8716.2	-33.77
8720.4	-33.30
8724.6	-33.16
8728.1	-33.93
8732.3	-35.11
8736.9	-33.26
8741.2	-33.78
8745.6	-33.94
8750.4	-34.53
8754.7	-34.55
8759.0	-33.21
8763.4	-33.43
8768.0	-33.66
8772.6	-33.79
8776.2	-34.11
8781.3	-33.39
8785.7	-33.72
8789.7	-33.34
8794.4	-33.69
8799.0	-34.33
8802.7	-33.54
8807.0	-34.29
8811.2	-33.19
8815.4	-33.94
8819.7	-33.74
8824.4	-34.50
8829.6	-34.53
8834.9	-33.19
8839.0	-34.25
8843.2	-34.15
8848.3	-34.93
8852.6	-33.76
8857.3	-34.08
8862.1	-33.35
8866.5	-33.77
8870.9	-33.61
8874.6	-32.77
8879.3	-34.21
8883.1	-33.92
8887.4	-33.80
8892.8	-34.06
8897.9	-33.33
8902.3	-34.35
8907.3	-33.28
8912.4	-32.63
8916.8	-34.29
8921.1	-33.47
8925.2	-34.00
8929.4	-34.31
8934.6	-33.36
8938.8	-33.87
8943.1	-33.51
8947.8	-34.26
8953.0	-34.37
8957.5	-34.18
8962.3	-33.01
8966.4	-32.94
8971.6	-33.65
8975.6	-33.30
8979.4	-33.62
8983.9	-33.60
8988.1	-32.94
8993.0	-33.11
8997.7	-34.04
9003.0	-33.73
9007.9	-32.58
9012.9	-33.88
9017.8	-33.69
9022.3	-32.38
9027.0	-33.65
9032.0	-35.36
9036.5	-34.27
9041.5	-33.37
9046.0	-33.18
9050.8	-34.41
9056.0	-33.45
9061.1	-34.17
9066.1	-32.92
9070.4	-33.42
9074.0	-32.80
9079.0	-33.59
9083.8	-33.31
9088.1	-33.55
9093.2	-33.63
9097.4	-33.85
9101.9	-33.69
9106.2	-33.19
9112.0	-33.01
9116.2	-33.74
9121.3	-33.74
9126.3	-33.61
9131.6	-33.96
9136.3	-34.29
9140.9	-33.87
9145.8	-32.48
9150.2	-33.81
9155.5	-33.78
9160.4	-33.01
9165.4	-34.46
9169.7	-33.03
9174.6	-33.47
9179.8	-33.93
9185.1	-34.90
9190.3	-34.31
9194.9	-33.88
9199.7	-33.79
9204.4	-32.40
9208.9	-33.96
9214.1	-33.12
9219.1	-33.57
9224.0	-32.41
9229.3	-34.03
9234.3	-33.30
9239.2	-33.67
9244.1	-33.77
9249.0	-34.20
9254.0	-33.53
9260.2	-33.63
9264.0	-34.75
9267.6	-33.43
9272.8	-33.14
9278.1	-33.09
9282.5	-33.38
9287.3	-34.02
9292.1	-34.08
9296.9	-33.64
9301.7	-33.51
9306.3	-33.60
9310.8	-33.71
9315.2	-33.29
9319.7	-34.00
9324.6	-34.61
9329.5	-34.88
9334.3	-33.39
9338.3	-33.50
9342.7	-33.58
9348.1	-33.45
9353.7	-33.91
9359.1	-34.77
9364.2	-33.75
9369.6	-33.30
9374.2	-34.38
9379.0	-33.91
9384.3	-33.34
9388.7	-34.31
9394.1	-34.05
9399.0	-34.06
9403.5	-34.22
9408.5	-34.14
9412.8	-33.98
9417.3	-33.36
9421.6	-34.41
9426.9	-34.45
9431.6	-34.01
9436.5	-34.08
9440.9	-34.03
9445.4	-33.86
9450.8	-33.81
9454.6	-33.02
9458.9	-34.25
9463.9	-34.38
9468.8	-33.79
9473.1	-34.07
9477.9	-34.55
9482.3	-33.87
9486.7	-33.17
9491.5	-33.89
9495.6	-34.46
9500.0	-34.74
9505.1	-33.70
9509.7	-34.60
9514.1	-33.90
9518.9	-34.19
9524.2	-33.49
9528.9	-33.55
9533.6	-34.06
9537.2	-33.30
9541.9	-33.53
9547.1	-33.52
9551.0	-34.22
9555.5	-33.73
9560.2	-33.04
9564.9	-34.47
9570.4	-34.15
9574.7	-34.20
9580.0	-35.09
9585.0	-35.12
9588.9	-33.39
9593.3	-33.94
9598.4	-34.61
9602.9	-34.43
9607.4	-34.05
9612.6	-33.41
9617.1	-33.61
9621.6	-33.71
9626.7	-33.47
9631.1	-33.82
9637.2	-33.53
9641.6	-34.57
9645.8	-34.65
9650.2	-32.88
9655.2	-33.99
9659.8	-34.34
9664.9	-34.71
9670.2	-34.04
9674.6	-33.73
9678.8	-34.44
9683.6	-34.29
9688.6	-34.36
9693.2	-34.65
9698.0	-34.27
9702.7	-34.35
9707.4	-34.44
9712.5	-35.10
9717.8	-35.72
9723.4	-34.86
9728.3	-34.35
9732.6	-34.34
9737.5	-34.39
9742.3	-34.29
9746.6	-33.28
9751.0	-33.79
9755.8	-34.39
9760.8	-33.76
9766.0	-34.07
9769.8	-34.46
9774.0	-33.71
9778.6	-33.55
9783.3	-33.31
9787.2	-33.88
9791.6	-34.52
9796.6	-34.60
9801.5	-34.64
9807.0	-36.33
9812.9	-34.52
9818.2	-34.90
9823.8	-35.16
9829.2	-34.04
9833.8	-34.78
9838.6	-33.17
9842.9	-33.87
9847.7	-34.39
9852.2	-33.81
9856.9	-34.43
9862.0	-33.60
9867.2	-34.71
9872.4	-34.22
9877.1	-34.92
9882.1	-34.51
9887.1	-34.69
9892.4	-34.46
9897.8	-34.10
9902.3	-34.38
9906.9	-33.50
9912.2	-33.85
9916.5	-34.08
9921.1	-34.51
9926.5	-34.50
9930.9	-33.71
9935.5	-33.45
9940.0	-33.18
9944.4	-34.61
9949.0	-34.20
9954.1	-34.68
9958.9	-34.42
9963.9	-35.48
9968.9	-34.42
9973.7	-34.27
9978.4	-34.94
9983.4	-33.49
9988.9	-34.66
9994.5	-33.72
9999.0	-34.18
10004.7	-34.44
10009.8	-34.43
10014.4	-34.12
10019.4	-34.09
10025.7	-33.87
10029.9	-34.41
10034.6	-34.79
10039.3	-34.67
10044.5	-34.02
10049.6	-33.56
10054.9	-34.82
10060.1	-35.33
10064.2	-34.80
10068.9	-34.66
10073.0	-33.80
10077.9	-33.78
10082.1	-34.13
10087.5	-34.75
10092.2	-34.71
10097.4	-34.46
10102.4	-33.93
10107.1	-34.23
10112.7	-34.14
10117.9	-34.62
10123.1	-36.10
10128.8	-34.94
10134.4	-34.32
10139.3	-34.03
10143.7	-33.88
10149.2	-34.84
10154.3	-34.74
10159.2	-35.14
10164.5	-34.44
10169.3	-33.65
10174.3	-35.16
10179.1	-34.96
10184.0	-32.79
10188.7	-32.84
10193.2	-33.86
10198.1	-34.02
10203.1	-33.80
10207.5	-34.22
10212.7	-34.66
10217.5	-35.15
10224.2	-34.70
10228.9	-34.28
10233.5	-34.41
10238.7	-35.29
10243.8	-34.22
10248.5	-33.97
10253.5	-34.85
10258.1	-34.57
10263.3	-35.78
10269.2	-34.22
10273.8	-34.53
10279.0	-34.27
10284.0	-34.55
10289.1	-34.75
10294.4	-33.49
10299.3	-34.28
10303.8	-35.14
10309.4	-35.07
10315.1	-35.78
10320.1	-34.08
10325.0	-35.24
10329.0	-34.42
10334.0	-34.12
10339.5	-34.29
10345.0	-34.63
10350.2	-34.08
10354.8	-34.21
10359.3	-35.08
10363.9	-34.79
10368.7	-34.97
10374.1	-33.71
10378.8	-33.69
10384.1	-34.91
10389.5	-34.69
10394.7	-35.39
10399.5	-35.19
10404.7	-34.16
10409.5	-33.98
10414.5	-34.38
10419.4	-34.74
10425.0	-34.15
10429.2	-34.50
10432.9	-34.42
10438.3	-34.14
10443.0	-35.21
10448.1	-34.20
10453.8	-34.81
10459.0	-34.20
10464.3	-34.25
10469.4	-35.37
10474.6	-35.01
10480.0	-35.54
10484.9	-34.22
10490.5	-33.93
10495.9	-34.77
10500.8	-34.56
10506.0	-34.23
10510.8	-35.20
10515.4	-34.29
10520.5	-35.19
10525.1	-33.95
10529.9	-35.19
10535.0	-34.85
10539.8	-34.07
10545.1	-34.41
10550.5	-35.43
10555.3	-35.08
10560.8	-34.92
10565.9	-33.89
10570.6	-33.62
10576.1	-34.67
10580.9	-34.13
10584.9	-33.65
10589.3	-33.91
10594.6	-34.87
10599.8	-35.12
10605.1	-35.13
10610.1	-34.51
10614.8	-34.13
10619.8	-35.18
10625.5	-35.31
10630.8	-34.88
10635.5	-34.14
10640.5	-33.83
10645.2	-35.11
10650.2	-34.75
10654.9	-34.71
10659.9	-35.01
10664.7	-35.25
10669.9	-33.77
10675.1	-35.32
10680.6	-35.03
10686.4	-35.50
10691.7	-35.70
10696.8	-34.04
10701.7	-35.79
10707.3	-34.05
10713.0	-34.87
10718.8	-34.66
10723.2	-34.97
10728.5	-34.85
10733.3	-35.23
10738.7	-33.96
10743.6	-35.76
10748.1	-35.84
10753.9	-34.82
10758.9	-34.35
10763.5	-35.03
10768.3	-34.78
10773.1	-34.39
10777.8	-33.98
10782.5	-34.73
10787.5	-34.14
10792.1	-34.16
10796.9	-34.80
10802.2	-35.59
10806.8	-35.56
10812.1	-34.37
10816.8	-34.75
10821.7	-34.57
10827.3	-34.29
10831.5	-33.99
10836.0	-35.21
10840.8	-35.31
10845.8	-34.24
10850.9	-34.91
10855.6	-35.38
10861.0	-34.84
10865.4	-35.47
10870.8	-34.08
10875.6	-35.45
10880.1	-34.33
10884.7	-34.45
10889.7	-34.97
10894.5	-34.34
10899.4	-35.30
10904.7	-34.58
10909.3	-35.29
10914.0	-34.99
10918.7	-35.43
10923.5	-35.36
10928.7	-34.74
10934.4	-35.12
10938.8	-34.91
10944.0	-35.00
10948.5	-34.26
10952.9	-35.35
10958.6	-35.06
10964.2	-34.82
10969.2	-35.34
10974.1	-36.58
10979.1	-35.44
10983.6	-33.80
10988.3	-34.20
10993.3	-33.47
10997.7	-34.15
11002.2	-34.06
11007.1	-33.97
11012.0	-34.89
11016.1	-34.68
11022.0	-34.65
11026.5	-34.79
11030.9	-34.96
11035.4	-35.01
11040.1	-35.94
11044.9	-35.91
11050.0	-36.12
11055.5	-35.32
11060.4	-35.71
11065.2	-34.95
11070.1	-35.09
11075.0	-35.21
11079.6	-35.53
11085.0	-34.62
11089.7	-34.50
11094.4	-35.01
11099.3	-35.01
11103.2	-35.10
11107.7	-35.37
11112.6	-34.74
11117.0	-35.18
11122.4	-34.49
11127.3	-35.35
11132.4	-35.23
11137.3	-35.14
11142.6	-34.56
11147.3	-34.36
11151.9	-34.70
11156.7	-34.57
11161.0	-34.87
11165.8	-34.11
11170.4	-35.25
11174.8	-35.19
11179.6	-34.16
11184.1	-34.53
11189.0	-34.98
11193.8	-35.88
11199.1	-35.10
11204.2	-35.18
11208.7	-34.89
11213.7	-34.95
11217.9	-35.30
11222.1	-34.61
11227.1	-35.05
11232.4	-35.13
11236.2	-34.55
11240.5	-34.15
11244.7	-34.39
11248.9	-34.47
11253.4	-35.58
11258.1	-35.59
11262.6	-35.11
11267.2	-35.65
11272.1	-35.23
11276.7	-34.48
11281.0	-35.55
11285.6	-35.34
11290.3	-34.76
11294.3	-34.54
11298.6	-35.04
11303.4	-35.14
11307.8	-35.10
11312.1	-35.18
11316.2	-34.37
11320.6	-35.17
11325.0	-34.99
11329.8	-36.08
11334.2	-35.38
11339.1	-35.72
11343.9	-35.76
11348.7	-34.88
11353.3	-35.08
11358.2	-34.41
11362.4	-34.56
11366.0	-35.33
11370.9	-33.96
11374.6	-35.06
11379.0	-35.11
11383.8	-34.24
11388.1	-35.10
11392.8	-35.14
11396.6	-35.98
11401.2	-34.29
11405.3	-34.48
11409.9	-35.78
11414.0	-35.62
11418.7	-35.37
11423.4	-35.45
11428.1	-36.04
11432.7	-35.09
11437.2	-35.68
11441.6	-33.88
11445.5	-35.24
11449.7	-34.70
11454.1	-34.85
11458.0	-34.71
11462.2	-35.88
11466.6	-35.07
11471.4	-35.23
11475.9	-35.00
11480.3	-35.62
11484.2	-34.75
11488.2	-34.19
11492.0	-33.51
11495.9	-34.29
11500.2	-34.95
11504.2	-34.47
11507.8	-33.90
11511.9	-35.55
11515.8	-34.94
11519.6	-33.84
11523.3	-34.06
11527.4	-34.48
11531.3	-34.34
11535.9	-34.18
11539.8	-33.67
11543.9	-34.10
11547.5	-33.65
11551.7	-34.14
11556.3	-34.62
11561.2	-33.75
11565.0	-34.69
11569.4	-35.67
11573.6	-34.81
11578.2	-34.37
11582.3	-34.15
11586.7	-35.25
11591.0	-35.20
11595.5	-34.47
11600.0	-34.75
11604.1	-34.51
11608.2	-34.31
11612.7	-34.50
11617.4	-35.62
11622.3	-35.03
11626.6	-34.18
11631.1	-34.89
11635.9	-35.27
11640.5	-34.85
11644.6	-35.43
11648.9	-35.16
11653.4	-34.35
11658.5	-35.63
11663.2	-35.22
11668.2	-35.58
11672.2	-34.80
11676.7	-34.56
11680.6	-34.79
11685.0	-34.39
11690.2	-34.87
11695.5	-35.23
11700.4	-34.55
11704.3	-35.27
11709.8	-35.38
11714.9	-35.12
11720.2	-35.72
11725.0	-34.57
11730.3	-34.22
11735.4	-35.31
11740.0	-34.30
11744.7	-33.76
11748.3	-34.98
11753.7	-34.46
11759.0	-33.88
11764.5	-34.51
11769.7	-34.22
11774.5	-34.77
11779.8	-35.16
11785.3	-34.01
11790.4	-35.33
11796.2	-34.42
11800.7	-33.74
11805.5	-33.80
11811.1	-34.18
11816.5	-34.60
11821.0	-34.52
11825.7	-33.94
11831.0	-35.09
11836.6	-33.67
11841.7	-34.19
11846.9	-34.64
11852.0	-34.05
11857.1	-34.88
11862.8	-34.09
11868.3	-35.00
11874.3	-34.26
11880.1	-34.59
11885.0	-35.55
11890.8	-35.99
11896.7	-34.01
11902.5	-35.17
11907.9	-34.91
11914.0	-36.10
11919.8	-34.47
11925.8	-35.07
11930.6	-34.85
11936.3	-35.07
11942.9	-34.38
11948.2	-34.48
11953.9	-34.68
11960.5	-34.65
11965.9	-34.82
11971.5	-35.71
11977.4	-36.06
11983.5	-35.29
11988.6	-34.00
11994.6	-34.20
11999.6	-34.25
12005.7	-34.30
12011.5	-35.09
12016.8	-34.67
12022.4	-35.23
12028.0	-35.87
12033.2	-34.88
12039.6	-35.39
12045.8	-36.12
12051.5	-35.66
12057.6	-35.56
12062.6	-35.02
12067.7	-34.82
12073.7	-35.20
12079.8	-35.71
12085.7	-36.18
12090.8	-34.63
12095.8	-34.72
12100.4	-35.40
12105.6	-36.29
12111.4	-34.45
12117.2	-36.16
12123.4	-35.64
12129.1	-34.57
12135.1	-35.80
12141.1	-33.95
12146.6	-35.19
12152.4	-35.06
12157.6	-34.36
12163.7	-35.14
12169.5	-35.43
12174.6	-36.22
12179.7	-34.60
12185.5	-35.78
12190.4	-33.76
12195.9	-35.35
12202.3	-35.41
12207.2	-35.99
12213.3	-36.86
12219.8	-35.96
12226.5	-35.92
12232.3	-36.38
12238.9	-35.30
12244.6	-36.69
12250.3	-35.21
12255.2	-36.87
12260.4	-36.29
12265.9	-36.40
12271.4	-36.52
12277.2	-35.63
12283.3	-35.64
12288.5	-35.73
12294.2	-36.18
12298.6	-36.59
12304.4	-36.15
12310.6	-35.82
12316.0	-35.37
12321.5	-35.98
12326.3	-36.10
12331.9	-35.76
12337.0	-35.65
12342.5	-36.19
12347.5	-36.99
12352.8	-35.68
12358.3	-36.04
12363.9	-36.50
12370.0	-36.24
12375.3	-36.06
12381.0	-35.75
12385.9	-36.20
12392.3	-36.67
12399.1	-36.23
12404.8	-36.34
12411.6	-37.51
12416.3	-36.46
12421.7	-37.22
12427.5	-37.28
12433.3	-36.54
12439.3	-36.30
12444.6	-36.63
12450.3	-37.50
12455.4	-37.57
12461.1	-35.82
12466.0	-34.89
12471.5	-36.75
12477.7	-35.67
12482.5	-36.71
12487.3	-35.60
12492.5	-36.86
12498.4	-36.21
12504.3	-36.44
12510.0	-36.67
12515.2	-36.96
12520.7	-36.48
12526.3	-36.11
12531.7	-35.81
12537.0	-36.41
12543.0	-36.80
12548.4	-36.48
12554.2	-36.53
12560.2	-37.60
12566.0	-36.27
12572.0	-36.75
12578.0	-36.77
12583.5	-36.54
12588.7	-36.52
12594.4	-36.88
12600.7	-35.99
12606.4	-36.20
12612.2	-37.46
12617.0	-37.47
12622.7	-37.04
12628.4	-36.94
12634.0	-36.62
12639.8	-36.77
12645.9	-36.78
12651.7	-36.67
12657.5	-35.86
12663.4	-38.49
12668.7	-39.05
12673.7	-36.98
12679.9	-36.91
12685.2	-36.50
12690.8	-38.20
12696.7	-36.93
12701.7	-36.74
12707.8	-37.59
12713.7	-37.12
12719.6	-37.32
12725.1	-37.26
12730.9	-37.10
12736.3	-37.08
12741.8	-37.32
12747.0	-37.75
12751.7	-37.13
12757.1	-37.32
12762.7	-37.35
12767.4	-37.25
12772.5	-37.96
12777.8	-38.55
12783.4	-37.03
12789.4	-37.61
12794.3	-38.19
12800.1	-37.48
12804.9	-37.78
12810.5	-37.27
12815.1	-36.30
12820.1	-36.49
12825.8	-36.59
12831.4	-38.04
12836.7	-37.08
12842.0	-37.44
12847.3	-37.74
12853.1	-37.48
12857.3	-36.65
12862.2	-37.43
12867.9	-37.59
12873.0	-36.99
12877.9	-38.48
12882.9	-37.68
12888.3	-38.44
12894.0	-36.32
12899.1	-37.10
12904.4	-36.87
12909.4	-37.49
12914.7	-36.48
12919.9	-36.87
12925.1	-38.20
12930.1	-36.74
12935.3	-36.69
12940.5	-36.46
12945.3	-37.36
12950.6	-38.75
12955.9	-38.05
12960.8	-37.63
12965.9	-36.81
12971.0	-38.34
12975.9	-36.70
12981.0	-39.00
12986.3	-37.13
12991.4	-37.25
12996.3	-37.23
13000.6	-36.83
13005.5	-36.08
13010.5	-37.41
13015.7	-36.76
13021.0	-37.08
13026.6	-37.08
13031.4	-38.16
13036.1	-38.92
13041.9	-38.24
13047.3	-37.41
13052.6	-38.85
13058.0	-37.21
13063.0	-36.70
13067.9	-37.78
13073.1	-37.63
13078.3	-37.13
13083.6	-36.96
13088.8	-36.88
13093.3	-37.69
13098.4	-37.86
13103.3	-38.70
13107.7	-36.64
13112.3	-36.94
13117.1	-36.56
13121.7	-38.54
13127.4	-36.71
13132.3	-38.36
13138.3	-38.18
13143.7	-37.84
13149.8	-37.75
13155.4	-38.30
13160.1	-37.61
13165.9	-36.81
13171.1	-36.47
13177.0	-37.41
13182.5	-37.61
13188.0	-37.99
13192.9	-36.50
13198.0	-36.41
13203.7	-37.71
13209.7	-36.87
13215.4	-37.40
13221.2	-38.21
13226.7	-38.24
13231.6	-36.64
13236.8	-37.33
13242.2	-36.63
13247.5	-36.44
13252.8	-37.79
13258.1	-36.59
13263.5	-37.75
13269.3	-38.05
13273.5	-37.83
13278.7	-36.28
13284.4	-37.97
13289.8	-37.63
13295.4	-36.66
13300.6	-36.70
13306.0	-37.68
13312.3	-37.40
13317.8	-38.90
13324.2	-37.96
13329.9	-36.11
13335.3	-36.91
13340.5	-36.48
13345.4	-36.78
13350.4	-37.70
13356.5	-37.25
13361.9	-37.35
13367.3	-36.86
13373.1	-37.54
13379.2	-37.22
13384.5	-36.22
13390.4	-36.28
13395.6	-38.06
13400.8	-37.61
13407.1	-38.36
13412.4	-36.84
13417.3	-37.46
13422.8	-38.39
13428.9	-37.36
13434.2	-37.06
13439.2	-37.05
13444.4	-37.03
13450.2	-37.37
13455.7	-36.37
13461.1	-37.89
13466.1	-37.39
13471.9	-37.45
13477.8	-36.51
13483.2	-37.51
13489.4	-37.10
13494.1	-36.50
13498.8	-36.92
13504.3	-37.59
13509.9	-37.42
13514.9	-37.12
13520.7	-36.88
13526.1	-37.21
13531.1	-37.02
13536.5	-37.40
13541.4	-37.75
13546.8	-37.43
13552.4	-37.31
13557.6	-36.07
13562.6	-37.71
13567.9	-37.28
13573.4	-37.32
13579.0	-37.54
13584.0	-36.66
13588.5	-37.05
13593.9	-37.65
13599.5	-37.86
13604.4	-37.04
13609.6	-37.03
13615.3	-36.78
13620.5	-37.03
13626.0	-37.52
13630.9	-36.27
13636.2	-37.41
13640.7	-37.82
13646.1	-36.91
13650.8	-36.70
13656.4	-36.75
13661.2	-36.56
13666.6	-37.66
13671.8	-37.55
13677.5	-37.92
13682.2	-36.73
13687.6	-37.47
13693.5	-36.76
13698.9	-37.06
13703.7	-36.34
13709.1	-36.52
13714.2	-36.06
13719.8	-36.70
13725.3	-36.37
13731.1	-36.34
13736.5	-37.30
13741.9	-37.58
13747.9	-37.24
13753.4	-37.01
13759.1	-37.15
13764.5	-36.80
13769.9	-37.75
13776.1	-36.87
13781.9	-37.11
13787.8	-37.69
13793.6	-35.87
13798.9	-36.03
13804.1	-36.12
13809.8	-36.60
13815.0	-36.02
13820.8	-36.52
13826.4	-36.25
13832.4	-36.77
13838.3	-38.01
13845.0	-36.22
13851.2	-36.98
13857.2	-37.20
13862.9	-36.97
13868.8	-36.97
13874.7	-37.54
13880.6	-37.11
13886.2	-37.18
13891.4	-36.18
13897.2	-36.72
13903.4	-36.33
13909.6	-37.19
13915.9	-36.53
13921.2	-36.88
13927.8	-36.59
13933.1	-36.83
13938.7	-36.90
13944.8	-36.10
13951.2	-36.43
13957.0	-35.80
13963.4	-36.52
13969.8	-37.43
13975.7	-36.77
13981.9	-38.27
13987.7	-35.68
13992.5	-35.01
13998.4	-37.19
14004.7	-36.86
14010.5	-36.44
14016.4	-35.97
14022.4	-36.51
14029.1	-36.28
14034.4	-36.40
14039.8	-36.83
14046.1	-37.27
14052.1	-36.04
14057.9	-36.63
14063.7	-35.89
14069.8	-36.43
14075.3	-36.19
14081.8	-37.63
14087.7	-35.61
14094.5	-38.13
14100.5	-37.49
14106.9	-35.79
14113.0	-35.82
14117.8	-35.46
14123.7	-36.86
14130.5	-36.27
14136.6	-36.17
14141.8	-35.89
14147.2	-36.67
14152.7	-35.65
14158.3	-35.09
14163.9	-35.23
14168.7	-37.33
14174.3	-36.65
14180.3	-36.97
14185.4	-37.05
14191.5	-36.07
14197.5	-35.31
14203.3	-36.92
14209.0	-35.86
14214.6	-35.17
14221.1	-35.98
14227.4	-36.27
14232.4	-34.69
14238.8	-35.88
14245.1	-36.44
14250.7	-36.35
14256.3	-37.23
14262.1	-36.49
14267.9	-35.61
14273.7	-36.59
14280.2	-35.74
14286.1	-36.45
14291.6	-36.29
14297.5	-36.01
14304.4	-35.66
14310.2	-35.10
14316.0	-36.59
14321.1	-35.81
14327.0	-35.08
14332.9	-34.43
14338.6	-36.11
14344.5	-35.87
14350.2	-35.25
14355.8	-35.46
14361.8	-36.09
14367.2	-35.68
14372.7	-35.71
14377.8	-35.71
14383.3	-34.97
14388.4	-36.24
14395.4	-36.25
14401.3	-36.82
14406.7	-35.53
14411.7	-36.72
14416.4	-36.39
14422.7	-36.39
14429.7	-36.02
14435.2	-35.97
14439.9	-34.67
14445.0	-35.73
14450.4	-36.24
14455.7	-35.84
14460.6	-36.32
14465.0	-37.06
14470.7	-36.19
14475.7	-35.89
14481.6	-36.28
14486.9	-36.94
14491.9	-36.91
14498.0	-36.47
14504.2	-37.09
14510.6	-36.64
14515.9	-37.19
14521.6	-35.74
14526.9	-36.15
14533.2	-36.91
14538.9	-35.99
14545.1	-36.11
14550.8	-35.04
14555.9	-35.86
14561.5	-36.64
14567.7	-36.45
14574.0	-36.68
14580.0	-36.08
14585.2	-37.25
14590.7	-36.48
14595.7	-36.45
14601.5	-36.44
14607.2	-37.19
14612.8	-37.47
14619.2	-36.85
14624.7	-35.72
14630.3	-36.57
14635.9	-35.49
14641.2	-36.66
14646.9	-37.63
14653.1	-36.31
14658.8	-36.96
14664.8	-36.09
14670.5	-37.51
14677.1	-36.93
14683.2	-36.87
14688.9	-34.95
14693.4	-36.01
14699.3	-36.71
14705.2	-37.26
14710.7	-37.99
14715.9	-37.39
14721.8	-36.78
14727.6	-37.69
14733.5	-36.80
14739.1	-37.97
14744.7	-36.85
14750.9	-37.35
14756.6	-37.49
14762.0	-37.17
14768.0	-37.37
14774.4	-36.64
14780.6	-37.35
14786.5	-35.97
14792.8	-37.68
14799.1	-37.10
14805.3	-36.78
14810.6	-37.05
14816.9	-36.12
14822.8	-36.94
14828.6	-36.77
14834.9	-36.88
14841.1	-36.09
14846.7	-35.66
14853.2	-37.02
14858.2	-37.08
14863.8	-36.48
14869.9	-36.65
14875.7	-38.33
14881.3	-37.45
14887.1	-37.83
14894.3	-37.77
14900.3	-36.36
14906.5	-35.77
14911.8	-37.59
14918.1	-36.02
14924.0	-36.15
14930.3	-37.42
14937.2	-36.66
14943.4	-37.38
14949.3	-36.90
14955.3	-36.13
14960.8	-36.78
14967.0	-36.68
14973.1	-36.72
14980.0	-36.99
14986.5	-37.47
14993.0	-37.78
14999.0	-36.72
15005.5	-35.90
15011.8	-36.71
15017.7	-35.94
15023.3	-37.07
15029.4	-37.39
15035.3	-37.90
15041.8	-36.30
15048.6	-36.64
15055.0	-36.65
15061.7	-37.28
15067.4	-37.48
15073.7	-36.37
15080.5	-37.69
15087.5	-37.21
15093.4	-37.58
15101.8	-36.11
15107.0	-36.99
15112.8	-37.46
15118.7	-36.23
15124.6	-37.60
15131.5	-36.55
15137.6	-36.79
15143.9	-37.24
15149.7	-36.57
15155.6	-36.77
15161.9	-36.85
15168.6	-37.50
15175.0	-37.22
15181.2	-36.66
15187.4	-38.12
15193.3	-37.07
15199.4	-37.40
15205.3	-37.37
15211.1	-37.04
15217.5	-38.34
15223.5	-37.51
15229.8	-36.48
15236.0	-36.86
15241.9	-36.70
15246.9	-37.39
15252.6	-37.47
15259.1	-37.52
15264.8	-37.20
15270.4	-37.58
15276.9	-36.72
15283.3	-37.20
15290.1	-39.04
15296.2	-37.65
15302.6	-37.10
15308.8	-37.05
15315.9	-37.08
15322.6	-36.04
15328.5	-37.03
15334.0	-36.21
15339.7	-36.60
15348.5	-37.65
15354.2	-36.37
15359.4	-37.94
15366.1	-36.81
15373.3	-36.66
15380.1	-37.30
15387.1	-38.09
15393.4	-36.70
15399.3	-38.66
15405.9	-36.73
15412.6	-36.85
15419.3	-37.60
15426.2	-36.96
15433.6	-36.94
15441.8	-37.96
15448.6	-37.97
15456.1	-37.33
15463.0	-37.63
15469.9	-39.59
15476.4	-37.78
15484.3	-37.97
15491.8	-38.18
15498.6	-36.28
15505.7	-37.65
15512.7	-37.10
15519.3	-37.27
15526.0	-36.78
15533.8	-37.57
15540.9	-37.78
15547.8	-36.87
15554.5	-37.15
15561.4	-36.80
15568.4	-38.01
15575.1	-36.99
15581.3	-37.40
15587.8	-37.27
15594.5	-37.50
15601.2	-37.59
15608.7	-37.90
15617.2	-38.23
15626.2	-37.51
15632.5	-37.61
15639.9	-36.81
15647.0	-37.22
15654.9	-38.00
15663.4	-37.84
15671.0	-38.42
15678.7	-37.03
15686.2	-36.92
15694.2	-37.06
15701.1	-37.09
15709.1	-37.36
15716.3	-37.98
15722.9	-38.07
15730.9	-37.50
15738.1	-37.73
15744.7	-37.74
15752.7	-38.10
15760.0	-36.58
15768.2	-38.13
15776.0	-37.09
15784.7	-37.73
15793.5	-38.15
15801.7	-37.48
15810.3	-37.33
15819.0	-37.55
15826.3	-37.16
15834.2	-37.59
15840.6	-36.45
15847.6	-37.22
15855.3	-37.49
15861.8	-37.89
15868.4	-37.14
15875.6	-36.41
15883.0	-37.61
15889.2	-37.14
15896.1	-39.36
15903.2	-37.78
15911.0	-36.98
15918.6	-36.74
15927.4	-37.31
15934.0	-37.58
15940.3	-36.76
15947.9	-36.87
15956.4	-36.64
15965.3	-37.36
15974.5	-37.96
15983.2	-36.12
15991.9	-37.68
16000.7	-37.26
16008.9	-37.11
16017.2	-37.71
16025.5	-37.45
16034.0	-37.58
16042.5	-37.10
16051.0	-36.41
16059.3	-37.94
16067.7	-37.83
16076.3	-36.59
16084.7	-37.60
16092.3	-37.87
16100.5	-37.30
16110.0	-37.29
16119.5	-37.81
16128.3	-38.47
16136.7	-37.89
16145.6	-37.92
16154.6	-36.83
16164.0	-37.17
16171.7	-38.07
16180.3	-38.59
16188.7	-38.32
16198.3	-38.42
16210.2	-36.67
16220.4	-36.39
16230.9	-37.32
16241.5	-37.18
16251.4	-36.93
16260.1	-37.24
16270.5	-38.10
16281.3	-37.90
16289.6	-37.65
16298.6	-37.69
16306.8	-38.13
16316.2	-37.86
16325.6	-38.24
16335.5	-37.79
16344.7	-36.86
16355.1	-37.67
16364.0	-37.16
16373.4	-37.48
16383.4	-38.04
16393.7	-38.00
16404.1	-37.79
16413.8	-38.39
16425.0	-38.87
16434.1	-37.00
16444.4	-37.20
16455.3	-37.05
16465.4	-37.62
16475.6	-38.83
16485.8	-36.98
16496.9	-37.69
16506.9	-36.75
16516.4	-38.24
16527.6	-37.73
16537.7	-37.46
16549.6	-37.46
16560.2	-37.98
16569.1	-38.62
16579.6	-39.14
16589.9	-38.52
16600.2	-37.05
16609.3	-37.38
16617.4	-37.03
16626.2	-37.65
16636.2	-38.80
16645.6	-37.99
16655.8	-37.68
16665.3	-37.53
16677.8	-37.50
16686.5	-38.39
16696.7	-38.32
16709.3	-38.61
16718.5	-37.72
16728.7	-38.82
16739.1	-38.52
16750.2	-38.96
16761.0	-37.79
16773.8	-37.92
16786.4	-37.70
16797.7	-38.34
16808.8	-38.86
16818.9	-38.03
16829.3	-38.00
16841.5	-37.91
16852.2	-37.03
16863.4	-39.70
16873.6	-36.64
16883.3	-38.64
16894.1	-38.80
16905.3	-38.82
16914.3	-37.24
16924.7	-38.20
16935.9	-37.23
16947.3	-38.01
16958.8	-38.36
16970.1	-37.76
16981.1	-38.20
16992.2	-37.49
17002.6	-38.02
17013.6	-38.33
17027.1	-38.10
17039.9	-39.00
17051.8	-38.03
17065.3	-37.94
17079.4	-37.45
17090.2	-37.67
17101.9	-38.48
17113.2	-37.72
17128.3	-37.99
17139.4	-38.19
17149.8	-38.25
17164.1	-38.71
17176.4	-38.22
17188.7	-38.40
17202.3	-38.81
17214.8	-37.34
17228.6	-37.46
17240.7	-38.06
17253.4	-38.33
17264.0	-38.92
17275.6	-38.12
17289.5	-38.37
17304.4	-37.73
17318.4	-37.94
17332.3	-38.06
17345.4	-38.21
17359.0	-38.52
17373.3	-38.00
17386.3	-38.85
17398.2	-38.67
17410.7	-39.63
17422.9	-38.23
17436.2	-38.37
17449.4	-39.30
17462.6	-39.25
17476.7	-38.72
17490.1	-37.74
17503.0	-38.41
17516.7	-38.90
17528.8	-39.80
17541.5	-38.57
17554.5	-40.10
17567.6	-38.67
17582.1	-39.59
17595.6	-40.02
17609.5	-38.87
17622.9	-39.04
17637.3	-38.63
17655.1	-39.05
17670.6	-40.18
17684.1	-39.87
17697.9	-39.49
17712.8	-39.45
17724.0	-39.90
17736.5	-38.97
17748.1	-40.02
17760.5	-39.20
17775.0	-40.06
17789.3	-39.32
17802.0	-40.23
17816.4	-39.86
17830.5	-38.91
17845.2	-39.77
17858.5	-39.38
17872.3	-39.90
17886.1	-39.37
17900.5	-40.22
17913.9	-40.08
17927.1	-39.99
17940.7	-39.26
17954.9	-39.11
17969.7	-40.13
17983.1	-40.05
17997.7	-39.69
18012.0	-40.99
18025.1	-39.36
18040.9	-41.45
18055.4	-39.57
18070.7	-39.79
18085.8	-39.83
18099.3	-39.84
18112.1	-39.62
18124.9	-39.58
18140.5	-39.88
18156.4	-39.99
18172.3	-40.29
18187.3	-39.47
18202.6	-40.11
18221.0	-39.05
18236.3	-39.45
18251.1	-39.95
18267.2	-40.12
18281.3	-39.94
18295.9	-38.34
18313.3	-39.76
18331.0	-40.03
18348.2	-40.16
18363.0	-38.83
18379.6	-39.90
18393.6	-39.86
18411.2	-39.45
18426.6	-40.31
18442.0	-40.40
18457.7	-40.45
18473.9	-39.50
18490.1	-40.06
18504.5	-39.63
18520.1	-40.77
18537.9	-39.95
18554.0	-40.36
18570.4	-40.19
18586.7	-39.46
18601.5	-39.81
18615.9	-39.56
18631.2	-40.07
18648.2	-39.19
18664.6	-39.17
18681.6	-39.76
18697.3	-39.45
18711.4	-38.63
18726.7	-39.53
18744.8	-40.24
18762.4	-39.72
18779.0	-39.82
18793.9	-39.91
18809.1	-39.96
18824.9	-39.36
18840.4	-40.08
18860.1	-39.81
18874.0	-39.45
18888.2	-40.98
18904.5	-40.69
18922.1	-40.21
18938.0	-39.03
18953.7	-40.29
18970.5	-40.45
18986.9	-40.45
19000.6	-39.39
19015.5	-40.11
19033.4	-40.06
19050.6	-41.13
19068.4	-40.45
19084.7	-40.47
19101.2	-39.67
19117.2	-39.76
19133.5	-39.93
19149.5	-41.29
19166.0	-40.60
19182.2	-40.86
19198.9	-39.94
19216.5	-40.82
19232.1	-40.07
19249.4	-40.81
19266.3	-39.80
19283.4	-40.62
19300.3	-41.11
19316.5	-40.30
19333.1	-40.67
19349.0	-41.43
19363.5	-40.79
19379.8	-41.26
19397.5	-40.05
19414.5	-41.38
19430.3	-40.21
19445.2	-40.61
19459.8	-40.81
19474.6	-40.93
19489.1	-40.53
19504.9	-40.68
19522.3	-41.61
19538.8	-40.01
19553.8	-40.95
19569.6	-40.38
19586.6	-41.16
19604.1	-40.56
19619.3	-40.84
19633.8	-40.44
19649.7	-40.84
19666.3	-40.51
19682.5	-41.37
19698.6	-40.47
19713.7	-40.26
19727.9	-40.98
19742.4	-41.28
19756.8	-41.19
19774.5	-40.28
19791.8	-40.82
19807.6	-42.24
19824.2	-41.52
19841.4	-41.06
19857.7	-41.81
19873.7	-40.83
19890.9	-41.56
19907.1	-40.87
19923.7	-41.06
19940.8	-40.77
19957.7	-40.82
19973.7	-40.93
19989.6	-41.08
20003.3	-40.96
20017.1	-40.92
20031.2	-40.61
20046.7	-41.31
20061.5	-40.59
20078.4	-40.58
20095.4	-40.93
20113.1	-40.83
20128.4	-41.91
20144.4	-41.08
20161.7	-41.64
20178.4	-40.38
20194.4	-41.79
20210.7	-40.92
20227.6	-41.31
20241.9	-41.37
20256.7	-40.87
20272.5	-41.48
20286.1	-40.40
20300.0	-40.67
20318.0	-40.87
20332.2	-40.85
20350.4	-40.59
20369.4	-40.55
20386.2	-41.05
20402.0	-40.30
20418.7	-40.33
20432.6	-41.33
20447.6	-40.98
20463.9	-40.50
20480.6	-41.57
20495.9	-40.93
20513.0	-40.60
20528.9	-40.16
20545.7	-41.02
20561.3	-41.25
20576.0	-40.26
20590.4	-41.30
20605.3	-40.03
20620.2	-42.14
20636.3	-41.06
20652.1	-41.47
20666.9	-41.58
20682.2	-41.39
20697.7	-40.69
20712.6	-40.21
20728.8	-41.07
20744.0	-41.22
20757.4	-41.53
20775.9	-40.96
20790.3	-41.15
20804.2	-41.08
20821.1	-42.02
20838.9	-41.07
20853.6	-41.15
20869.0	-40.91
20884.6	-41.68
20901.4	-41.41
20919.0	-41.25
20936.2	-40.98
20951.9	-42.04
20968.4	-42.19
20985.5	-41.55
21001.3	-40.66
21019.5	-41.19
21036.8	-40.28
21054.4	-40.66
21072.1	-41.16
21088.6	-40.68
21105.5	-41.18
21122.2	-40.92
21138.5	-40.65
21156.7	-41.46
21173.9	-41.41
21190.3	-41.56
21205.5	-41.02
21221.3	-40.77
21240.8	-41.08
21257.5	-41.09
21272.9	-41.81
21288.9	-41.69
21306.6	-41.98
21324.5	-40.89
21343.1	-40.85
21362.4	-42.30
21380.2	-42.38
21397.5	-41.13
21414.7	-42.03
21433.7	-41.81
21453.4	-41.14
21469.6	-41.22
21486.2	-41.86
21503.0	-41.64
21519.9	-40.60
21537.4	-42.26
21553.6	-41.83
21571.2	-41.87
21587.7	-42.17
21603.5	-41.57
21618.8	-42.25
21638.8	-41.30
21657.4	-40.70
21674.7	-41.08
21692.3	-42.45
21710.6	-41.96
21726.5	-41.92
21745.0	-41.59
21761.6	-42.61
21777.9	-42.29
21797.0	-42.27
21815.0	-42.08
21832.9	-42.09
21849.2	-42.36
21866.7	-41.68
21883.4	-42.11
21898.6	-41.79
21916.0	-41.32
21933.3	-41.71
21951.6	-41.36
21970.7	-41.50
21989.3	-41.02
22006.6	-42.14
22022.7	-41.02
22038.8	-42.32
22057.0	-41.89
22075.3	-41.43
22092.9	-41.88
22110.0	-42.13
22126.7	-40.55
22145.4	-42.65
22161.9	-41.19
22179.9	-41.60
22197.6	-41.81
22216.2	-41.37
22232.6	-40.80
22248.2	-40.88
22266.4	-42.48
22284.2	-42.07
22301.1	-41.93
22316.2	-42.26
22332.3	-41.16
22347.0	-41.64
22363.6	-42.08
22381.2	-41.99
22398.2	-42.04
22416.0	-41.28
22434.0	-42.23
22450.2	-41.49
22466.6	-40.41
22484.2	-41.69
22500.8	-41.78
22517.6	-41.22
22534.9	-41.12
22551.3	-41.45
22568.0	-41.69
22586.3	-42.10
22603.2	-41.97
22620.5	-40.99
22637.7	-41.54
22654.2	-41.06
22669.5	-41.11
22685.1	-41.14
22701.7	-41.16
22719.4	-41.18
22736.8	-40.92
22753.3	-41.69
22768.1	-40.96
22785.6	-41.32
22801.7	-41.35
22820.3	-41.67
22836.9	-41.31
22853.3	-41.54
22871.2	-40.89
22889.9	-41.32
22908.2	-41.19
22925.1	-41.45
22943.1	-40.97
22961.6	-41.06
22976.6	-41.43
22992.4	-40.88
23007.1	-41.68
23024.0	-40.76
23041.5	-40.84
23057.8	-40.49
23075.6	-41.08
23094.5	-41.03
23112.9	-40.48
23129.4	-40.71
23147.1	-40.70
23164.5	-40.88
23181.3	-39.63
23198.2	-40.81
23216.1	-40.44
23234.8	-41.15
23253.0	-40.29
23270.9	-40.35
23288.3	-40.19
23304.4	-40.37
23322.4	-40.42
23340.2	-40.91
23357.2	-40.29
23375.6	-39.95
23392.5	-41.21
23410.0	-40.59
23427.7	-41.01
23445.4	-40.85
23464.3	-40.87
23481.9	-41.17
23500.4	-41.17
23520.0	-39.10
23535.6	-40.67
23553.1	-39.41
23570.2	-40.71
23588.8	-40.68
23605.4	-40.82
23623.1	-40.78
23641.4	-40.01
23659.4	-40.66
23675.8	-40.69
23691.9	-40.32
23708.3	-40.16
23723.8	-40.13
23740.7	-40.67
23757.3	-41.92
23775.0	-40.37
23791.6	-40.13
23809.8	-39.66
23827.6	-39.86
23844.6	-40.10
23860.0	-40.40
23876.0	-40.27
23892.5	-41.05
23909.8	-41.38
23926.2	-41.67
23943.5	-40.81
23959.7	-40.55
23976.6	-40.94
23992.0	-41.33
24009.7	-40.93
24026.1	-41.79
24043.2	-41.30
24058.4	-41.70
24073.6	-41.25
24091.3	-40.41
24108.5	-40.41
24126.0	-41.86
24143.6	-41.81
24159.5	-41.07
24176.9	-42.33
24196.1	-41.89
24210.1	-41.16
24226.1	-41.89
24242.4	-42.41
24260.2	-41.48
24275.8	-41.81
24290.0	-41.03
24305.3	-41.95
24322.1	-41.23
24337.6	-41.68
24351.5	-42.03
24366.6	-41.66
24384.1	-40.57
24399.0	-41.50
24414.8	-41.06
24431.7	-41.44
24450.2	-41.83
24466.3	-42.09
24483.2	-41.44
24499.2	-41.44
24514.9	-42.76
24530.6	-41.59
24546.3	-41.26
24561.8	-42.26
24576.7	-41.47
24590.7	-40.86
24607.8	-41.35
24623.9	-42.55
24639.4	-41.30
24654.4	-41.49
24670.1	-41.33
24686.2	-42.06
24700.3	-41.97
24714.4	-40.75
24730.1	-41.87
24744.1	-41.30
24761.1	-41.83
24776.7	-41.66
24792.7	-41.83
24808.4	-41.50
24826.7	-40.95
24839.4	-40.42
24853.5	-41.24
24869.2	-41.07
24884.0	-42.39
24899.0	-41.82
24913.3	-41.12
24927.0	-41.50
24941.2	-41.90
24955.3	-41.37
24969.1	-41.40
24984.4	-41.71
25000.0	-41.56
25015.2	-41.27
25029.3	-41.74
25044.1	-42.27
25060.5	-41.56
25076.4	-42.07
25091.5	-42.06
25105.3	-41.90
25119.4	-41.01
25133.6	-41.76
25148.6	-41.50
25163.4	-41.16
25179.5	-42.26
25193.9	-41.33
25207.7	-41.51
25221.5	-40.61
25236.1	-41.78
25250.8	-41.11
25265.9	-41.70
25281.4	-42.44
25295.5	-41.41
25310.7	-41.68
25326.8	-41.91
25341.7	-41.18
25357.9	-41.95
25371.9	-41.21
25387.5	-41.22
25402.5	-41.57
25421.5	-41.46
25433.8	-40.80
25448.7	-41.67
25464.8	-41.15
25481.9	-42.27
25496.4	-41.47
25511.3	-41.04
25528.1	-42.43
25543.4	-41.53
25559.0	-42.26
25575.1	-42.65
25591.4	-40.79
25606.3	-42.57
25620.7	-42.25
25636.1	-42.41
25652.2	-41.97
25667.4	-41.10
25683.5	-42.71
25699.0	-42.78
25714.8	-42.90
25730.0	-41.55
25747.2	-42.13
25762.8	-43.13
25778.1	-42.82
25794.5	-41.48
25809.0	-41.59
25824.8	-42.11
25841.3	-41.91
25857.3	-42.38
25872.7	-41.94
25889.6	-42.39
25905.6	-42.46
25921.2	-42.28
25936.1	-41.77
25952.0	-42.91
25967.4	-41.86
25984.2	-42.42
26000.2	-42.96
26015.9	-42.00
26031.4	-41.80
26048.2	-41.64
26061.7	-41.60
26077.9	-41.84
26092.2	-42.21
26107.4	-42.34
26123.7	-41.57
26140.8	-42.04
26155.6	-41.58
26172.1	-42.81
26187.6	-42.52
26203.2	-42.27
26218.3	-42.71
26233.2	-41.70
26248.3	-40.68
26263.9	-40.83
26279.3	-41.79
26294.6	-41.59
26309.8	-41.83
26324.8	-41.39
26339.1	-41.28
26354.1	-42.58
26368.4	-42.03
26382.2	-41.32
26397.0	-41.55
26412.0	-41.62
26427.6	-42.72
26443.1	-41.84
26458.3	-41.55
26472.2	-41.62
26486.9	-42.08
26503.0	-42.27
26517.7	-41.62
26532.8	-41.02
26549.8	-42.75
26565.9	-41.59
26581.1	-41.84
26595.4	-42.06
26609.9	-41.42
26623.6	-41.61
26637.6	-42.28
26654.4	-42.12
26667.4	-40.88
26683.1	-41.88
26698.4	-42.38
26712.7	-42.09
26728.6	-41.78
26743.1	-41.65
26757.0	-41.79
26772.3	-42.66
26787.2	-41.47
26803.0	-41.38
26818.2	-41.86
26832.2	-40.69
26846.9	-41.13
26862.4	-41.78
26876.3	-41.56
26891.0	-41.31
26906.3	-42.15
26921.9	-41.26
26935.6	-42.83
26951.5	-41.24
26965.8	-42.62
26979.5	-42.55
26994.3	-41.78
27009.3	-41.22
27024.3	-41.46
27038.8	-41.52
27055.3	-41.32
27071.7	-42.80
27088.7	-41.07
27104.2	-42.41
27118.4	-42.12
27132.9	-40.98
27148.1	-41.24
27161.3	-41.72
27176.2	-41.84
27189.3	-41.51
27205.2	-41.69
27221.0	-41.18
27234.7	-41.35
27252.3	-42.52
27265.1	-41.90
27279.8	-40.96
27293.4	-41.51
27307.2	-42.20
27320.9	-42.11
27335.9	-42.16
27351.2	-41.53
27365.5	-41.20
27377.6	-41.46
27391.5	-41.50
27405.8	-42.11
27420.3	-42.10
27434.2	-42.15
27449.3	-41.66
27463.2	-40.79
27477.0	-41.91
27491.2	-42.40
27505.5	-40.40
27520.7	-41.12
27534.8	-40.67
27546.9	-40.83
27559.9	-41.05
27573.8	-42.05
27586.3	-40.89
27601.2	-40.65
27614.8	-40.65
27627.7	-41.07
27641.2	-41.20
27655.0	-40.99
27667.3	-41.38
27679.6	-40.63
27691.5	-39.94
27704.9	-39.91
27718.4	-41.24
27732.6	-40.74
27745.7	-41.00
27761.1	-41.23
27775.2	-40.82
27790.1	-40.54
27806.1	-41.15
27820.1	-39.78
27833.9	-40.48
27846.6	-40.34
27859.3	-41.19
27873.2	-41.10
27887.3	-42.06
27900.9	-41.15
27914.3	-40.59
27927.9	-41.62
27941.1	-41.63
27954.2	-41.01
27970.8	-40.40
27986.0	-40.82
28000.4	-41.24
28012.3	-40.34
28024.5	-41.71
28039.4	-40.57
28055.4	-40.40
28069.8	-40.87
28083.4	-41.21
28098.6	-41.42
28112.9	-41.33
28125.6	-40.38
28140.0	-41.14
28153.6	-41.35
28165.8	-41.14
28179.9	-40.29
28192.5	-41.01
28204.7	-40.39
28218.0	-40.60
28231.0	-40.63
28246.2	-40.93
28260.0	-41.00
28273.4	-41.14
28286.3	-40.54
28299.8	-40.56
28314.1	-41.10
28327.5	-41.19
28341.1	-40.89
28355.8	-40.31
28367.2	-41.51
28381.0	-41.15
28394.2	-41.63
28409.2	-41.94
28423.6	-41.11
28438.6	-41.66
28453.3	-41.38
28468.0	-42.06
28483.2	-41.23
28498.0	-41.59
28512.6	-41.28
28528.6	-40.13
28542.7	-41.84
28558.0	-41.69
28572.3	-41.30
28587.1	-40.57
28603.6	-41.28
28619.1	-41.21
28633.5	-40.99
28646.8	-41.89
28662.4	-41.03
28676.6	-41.06
28691.9	-40.48
28706.1	-40.60
28722.5	-40.26
28738.1	-41.43
28751.7	-39.57
28767.5	-39.94
28782.6	-39.66
28797.5	-40.09
28811.7	-41.00
28826.2	-40.05
28839.7	-39.99
28855.1	-39.64
28868.3	-39.70
28883.2	-40.35
28901.8	-39.72
28919.1	-40.59
28934.7	-40.64
28952.9	-40.31
28967.5	-40.51
28984.8	-40.59
29002.3	-39.44
29017.3	-39.16
29033.6	-39.41
29048.9	-39.67
29063.3	-39.39
29078.2	-39.32
29092.8	-40.27
29107.4	-39.99
29122.3	-39.16
29138.4	-39.61
29154.5	-40.10
29169.3	-40.39
29185.5	-39.73
29201.7	-40.10
29216.1	-39.02
29230.2	-40.39
29245.0	-39.87
29259.7	-40.20
29273.7	-39.75
29289.4	-39.68
29304.5	-39.69
29321.4	-40.16
29337.5	-39.42
29353.6	-39.47
29369.5	-38.82
29385.0	-39.19
29401.0	-39.76
29415.6	-39.34
29430.6	-39.49
29446.6	-40.99
29463.0	-40.15
29479.8	-39.37
29495.4	-40.37
29512.2	-39.59
29528.8	-39.88
29543.5	-39.37
29561.7	-39.41
29579.2	-39.43
29594.5	-39.61
29609.7	-39.64
29625.3	-41.49
29637.4	-40.42
29652.9	-39.60
29668.9	-38.84
29685.2	-39.83
29702.9	-39.49
29720.9	-40.06
29738.7	-39.72
29755.3	-39.90
29770.5	-39.71
29786.9	-40.31
29806.8	-39.59
29822.1	-39.53
29838.3	-40.00
29854.6	-40.43
29873.4	-40.30
29889.6	-40.13
29905.4	-39.43
29921.5	-39.57
29937.6	-39.98
29953.8	-40.95
29970.1	-40.06
29986.9	-39.47
30003.2	-40.90
30019.3	-39.91
30036.0	-39.95
30053.4	-40.27
30071.3	-40.47
30089.8	-39.98
30108.7	-40.77
30125.9	-39.66
30144.6	-40.02
30162.5	-40.52
30180.6	-39.93
30198.5	-40.75
30215.8	-40.94
30234.8	-39.32
30254.6	-41.24
30271.4	-40.66
30288.4	-40.54
30305.6	-41.73
30324.0	-40.16
30342.6	-41.50
30363.4	-40.56
30380.0	-40.78
30399.9	-40.86
30419.0	-41.55
30439.9	-40.55
30457.1	-40.99
30476.9	-40.44
30494.9	-40.72
30515.0	-40.94
30532.2	-41.10
30551.9	-40.97
30571.9	-40.84
30588.3	-40.13
30605.0	-40.28
30623.6	-41.09
30642.7	-40.59
30660.3	-40.63
30678.3	-40.70
30696.0	-39.93
30713.8	-39.73
30733.4	-40.05
30752.3	-40.87
30770.3	-40.68
30788.1	-39.99
30806.2	-40.95
30825.5	-39.77
30844.6	-39.17
30863.2	-39.70
30881.6	-40.85
30899.7	-40.12
30919.2	-40.63
30936.3	-39.90
30955.0	-39.87
30973.9	-40.36
30995.7	-40.36
31014.1	-39.87
31033.4	-40.17
31052.2	-40.09
31072.6	-40.22
31091.2	-41.76
31110.8	-39.98
31131.8	-39.91
31151.4	-38.85
31171.2	-39.84
31190.7	-40.49
31209.4	-39.79
31228.4	-40.14
31246.8	-40.13
31269.6	-40.32
31291.8	-40.67
31314.6	-40.79
31337.6	-39.93
31361.2	-39.88
31385.0	-40.96
31409.3	-40.31
31433.8	-41.41
31458.8	-39.74
31483.9	-41.17
31509.5	-40.65
31535.2	-40.32
31561.3	-41.14
31587.5	-40.58
31614.1	-40.88
31640.8	-40.26
31667.8	-41.49
31694.8	-40.56
31722.2	-40.58
31749.6	-40.52
31777.2	-42.19
31804.8	-40.34
31832.6	-39.30
31860.4	-40.85
31888.4	-40.14
31916.3	-40.81
31947.1	-40.17
31972.2	-41.01
32000.2	-40.18
32028.0	-40.67
32056.0	-41.44
32083.7	-40.03
32111.5	-40.31
32139.1	-40.47
32166.7	-40.89
32194.1	-40.81
32221.6	-40.57
32248.7	-40.20
32275.8	-40.06
32302.6	-40.41
32329.4	-40.65
32356.0	-39.63
32382.5	-39.92
32408.7	-39.46
32434.9	-39.92
32460.7	-39.66
32486.5	-39.92
32512.0	-40.21
32537.4	-40.12
32562.5	-39.99
32587.6	-39.69
32612.3	-40.92
32637.0	-40.38
32661.4	-39.87
32685.8	-40.27
32709.9	-39.72
32733.9	-39.69
32757.6	-39.65
32781.2	-39.99
32804.5	-39.43
32827.8	-39.69
32850.8	-39.77
32873.8	-40.25
32896.5	-39.90
32919.2	-40.42
32941.6	-40.41
32966.3	-39.90
32986.2	-39.53
33008.3	-39.81
33030.2	-40.71
33052.1	-39.73
33073.8	-39.62
33095.5	-39.97
33116.9	-40.51
33138.4	-40.65
33159.7	-40.14
33181.1	-40.95
33202.2	-40.61
33223.5	-40.40
33244.5	-40.00
33265.6	-40.91
33286.6	-40.08
33307.6	-41.01
33328.5	-40.20
33349.6	-40.11
33370.4	-39.54
33391.4	-40.50
33412.4	-40.33
33433.4	-40.56
33454.4	-40.42
33475.5	-40.24
33496.6	-40.24
33517.9	-40.43
33539.1	-39.38
33560.6	-39.99
33582.0	-39.85
33603.7	-40.46
33625.4	-40.11
33647.3	-39.64
33669.2	-39.47
33691.2	-39.65
33713.4	-39.20
33735.9	-39.75
33758.4	-39.70
33781.1	-39.99
33803.9	-39.57
33831.5	-40.36
33852.2	-39.65
33873.2	-40.03
33896.5	-39.91
33920.1	-39.71
33943.7	-39.68
33967.4	-40.23
33991.2	-40.52
34015.2	-39.72
34039.0	-40.74
34063.1	-39.92
34087.1	-40.61
34111.2	-39.45
34135.2	-39.94
34159.3	-40.93
34183.2	-40.34
34205.3	-39.99
34229.1	-40.09
34253.0	-40.33
34276.6	-40.17
34300.7	-40.08
34324.1	-40.39
34348.8	-40.43
34371.8	-40.17
34394.8	-39.98
34417.5	-40.41
34440.2	-39.72
34462.5	-40.74
34484.8	-41.13
34506.7	-40.54
34528.6	-40.86
34550.1	-41.62
34571.6	-40.49
34592.8	-41.20
34614.5	-40.65
34635.3	-41.04
34655.3	-40.70
34675.7	-41.27
34696.0	-41.16
34715.9	-40.06
34737.8	-41.12
34755.4	-41.30
34774.9	-41.05
34794.2	-41.52
34813.4	-41.27
34832.3	-41.15
34851.1	-41.22
34869.7	-39.90
34888.3	-41.25
34906.6	-41.92
34924.9	-41.02
34943.0	-40.58
34961.0	-41.23
34978.9	-41.26
34996.7	-40.62
35014.3	-40.83
35031.9	-41.51
35049.3	-40.56
35066.7	-40.45
35084.0	-40.98
35101.4	-40.79
35118.5	-40.89
35135.7	-40.90
35152.7	-40.29
35169.9	-40.34
35186.8	-40.22
35203.7	-41.15
35220.7	-40.18
35237.6	-41.56
35254.5	-40.29
35271.5	-40.53
35288.3	-40.89
35305.2	-40.51
35322.0	-40.72
35338.9	-40.72
35355.7	-40.52
35372.6	-40.45
35389.4	-40.86
35406.4	-39.93
35423.3	-40.18
35442.0	-40.67
35457.3	-39.94
35474.3	-40.16
35491.3	-39.30
35508.4	-40.13
35525.5	-40.15
35542.7	-39.61
35559.8	-40.01
35577.1	-39.12
35594.4	-39.27
35611.8	-39.70
35629.1	-38.83
35646.6	-39.42
35664.1	-40.10
35681.7	-39.91
35699.3	-40.05
35717.0	-40.37
35734.7	-40.17
35752.6	-39.51
35770.4	-39.15
35788.4	-39.92
35806.4	-39.47
35824.4	-40.05
35842.5	-39.99
35861.0	-39.47
35879.3	-40.10
35897.7	-39.72
35916.2	-39.68
35934.8	-40.10
35953.4	-39.85
35972.2	-39.63
35991.0	-39.15
36010.0	-39.69
36028.9	-38.78
36048.1	-39.92
36067.2	-39.28
36086.6	-39.81
36105.9	-39.15
36125.4	-39.79
36144.9	-40.09
36166.6	-39.74
36184.3	-39.31
36204.2	-40.16
36224.1	-38.55
36244.2	-40.30
36264.2	-39.71
36284.4	-39.58
36304.7	-38.64
36325.1	-39.42
36345.5	-38.70
36366.2	-39.67
36386.7	-39.73
36407.5	-40.15
36428.3	-40.32
36449.3	-40.31
36471.7	-39.60
36494.3	-40.56
36514.0	-40.36
36533.8	-40.08
36555.0	-40.73
36576.4	-40.16
36597.8	-39.80
36619.3	-40.79
36640.9	-39.73
36662.6	-40.70
36684.2	-40.08
36706.1	-40.42
36727.9	-40.41
36749.9	-39.44
36771.7	-40.13
36793.8	-39.72
36815.8	-40.16
36838.0	-40.04
36860.1	-39.96
36882.4	-40.11
36904.6	-39.69
36926.9	-39.58
36949.1	-39.84
36971.5	-40.23
36993.9	-40.40
37018.7	-40.38
37038.8	-39.66
37061.3	-40.20
37083.7	-39.37
37106.3	-40.39
37129.6	-39.96
37153.2	-39.98
37174.8	-40.28
37196.6	-39.87
37219.2	-39.44
37241.8	-39.40
37264.1	-40.44
37286.4	-39.90
37309.4	-39.45
37332.5	-39.48
37355.1	-39.65
37377.8	-40.00
37399.5	-40.39
37421.3	-39.58
37444.8	-39.53
37468.4	-39.62
37490.9	-39.68
37513.6	-39.47
37535.2	-39.60
37556.9	-40.20
37580.3	-39.90
37603.8	-39.34
37626.3	-39.41
37648.8	-39.99
37671.2	-39.63
37693.7	-39.11
37716.1	-39.29
37738.5	-39.75
37760.8	-39.08
37783.2	-39.67
37805.4	-39.55
37827.7	-38.73
37849.9	-39.31
37872.1	-39.49
37894.2	-39.85
37918.5	-39.44
37938.3	-39.68
37960.4	-39.01
37982.3	-39.37
38004.3	-39.34
38026.1	-39.20
38047.9	-39.32
38069.7	-38.74
38091.6	-39.23
38113.2	-38.26
38134.8	-38.66
38156.3	-37.96
38177.9	-39.50
38199.3	-38.79
38220.8	-38.37
38242.0	-38.22
38263.4	-37.76
38284.6	-38.22
38305.8	-37.90
38326.9	-38.48
38346.8	-38.74
38367.8	-38.39
38390.1	-38.50
38411.0	-38.89
38432.0	-38.49
38452.8	-38.01
38473.6	-38.96
38494.3	-38.44
38515.0	-38.60
38535.6	-38.44
38556.2	-38.46
38576.7	-38.45
38597.3	-38.58
38617.7	-37.86
38638.3	-38.12
38658.6	-38.29
38679.0	-38.75
38699.3	-37.77
38719.7	-37.45
38739.9	-38.54
38762.2	-38.07
38780.3	-38.50
38800.6	-38.32
38820.7	-38.30
38840.8	-38.63
38860.9	-38.19
38881.0	-38.74
38901.0	-38.55
38921.1	-38.88
38941.1	-38.26
38961.2	-39.01
38981.2	-38.49
39001.2	-38.28
39021.2	-39.14
39041.2	-38.68
39061.2	-38.96
39081.3	-38.70
39101.2	-38.74
39121.4	-38.86
39141.3	-38.88
39161.5	-39.04
39182.5	-38.10
39203.6	-38.50
39222.7	-38.65
39241.8	-39.00
39261.9	-38.82
39282.2	-38.97
39302.4	-38.76
39322.7	-38.25
39343.0	-38.95
39363.4	-39.31
39383.8	-38.77
39404.3	-38.45
39424.8	-39.07
39445.4	-39.36
39466.1	-39.65
39486.9	-39.65
39507.7	-39.48
39528.7	-39.15
39549.6	-39.91
39572.9	-39.51
39591.9	-39.40
39613.3	-39.75
39634.6	-39.21
39656.2	-39.15
39677.9	-39.72
39699.7	-39.87
39721.6	-39.28
39743.7	-39.24
39765.9	-40.23
39788.3	-40.66
39810.7	-39.51
39833.4	-39.80
39856.1	-40.11
39879.1	-40.23
39902.0	-39.78
39925.3	-40.01
39948.6	-40.27
39972.2	-39.61
39995.9	-40.38
40019.8	-40.13
40043.7	-40.17
40067.9	-40.18
40092.1	-39.70
40116.6	-40.62
40141.1	-39.70
40165.9	-39.81
40190.7	-39.50
40215.7	-40.01
40240.7	-40.25
40266.0	-39.92
40291.3	-40.77
40316.8	-40.28
40342.2	-39.87
40367.9	-40.38
40393.5	-40.18
40419.3	-40.55
40445.0	-40.39
40470.9	-39.99
40496.6	-40.34
40525.1	-39.50
40548.4	-39.92
40574.3	-39.99
40600.0	-40.91
40625.8	-39.61
40651.5	-40.27
40677.1	-39.87
40702.5	-40.04
40728.1	-40.21
40753.4	-39.81
40778.7	-40.07
40803.7	-40.46
40828.7	-40.54
40853.4	-40.09
40878.1	-41.00
40902.5	-40.10
40926.9	-40.46
40951.1	-39.62
40975.2	-40.43
40999.1	-40.31
41022.9	-40.29
41046.5	-41.20
41070.1	-40.49
41093.4	-40.27
41116.7	-40.80
41139.8	-40.59
41163.0	-40.31
41185.9	-40.22
41208.8	-41.06
41231.6	-40.26
41254.4	-40.20
41277.0	-40.92
41299.7	-40.97
41322.2	-40.36
41344.8	-40.35
41367.2	-39.52
41389.8	-39.32
41412.1	-40.18
41434.6	-39.48
41456.9	-40.05
41481.6	-39.66
41501.7	-39.15
41524.2	-39.77
41546.5	-39.60
41569.0	-39.70
41591.4	-39.38
41614.0	-39.71
41636.4	-39.54
41659.0	-39.66
41681.6	-39.88
41704.3	-39.83
41727.0	-39.63
41749.8	-40.08
41772.6	-40.20
41795.6	-39.71
41818.6	-38.32
41841.8	-39.61
41864.9	-39.18
41888.3	-40.17
41911.7	-39.28
41933.9	-39.22
41956.0	-39.92
41979.6	-39.46
42005.0	-39.86
42030.6	-40.03
42054.7	-40.13
42079.0	-39.78
42104.4	-40.02
42130.0	-40.32
42153.5	-40.37
42177.3	-40.38
42202.1	-40.50
42227.2	-40.33
42252.3	-40.17
42277.6	-40.65
42302.9	-41.09
42328.4	-40.57
42353.9	-40.83
42379.7	-41.09
42405.5	-39.75
42436.6	-40.50
42459.9	-39.64
42483.4	-40.76
42509.4	-40.61
42535.7	-40.22
42561.8	-40.70
42588.2	-40.02
42614.4	-39.97
42640.9	-40.57
42667.2	-40.41
42693.7	-40.23
42720.0	-39.73
42746.6	-40.19
42773.0	-40.58
42799.5	-40.45
42826.0	-39.36
42852.6	-40.35
42879.1	-39.67
42905.6	-39.82
42932.0	-38.86
42958.6	-40.38
42985.0	-40.32
43011.5	-39.20
43037.9	-39.80
43064.4	-39.82
43090.7	-39.44
43117.2	-39.26
43143.5	-38.92
43169.9	-39.25
43196.1	-39.74
43222.4	-39.17
43246.9	-39.48
43271.3	-40.02
43299.4	-39.02
43327.6	-38.49
43353.7	-38.63
43380.0	-38.35
43408.9	-38.61
43435.4	-39.12
43458.9	-39.66
43487.6	-39.01
43511.1	-38.40
43537.3	-39.66
43563.5	-39.13
43589.7	-39.24
43615.9	-38.49
43642.2	-38.87
43668.3	-39.04
43694.6	-39.28
43720.7	-38.78
43747.0	-39.36
43773.2	-38.99
43799.5	-39.20
43825.8	-39.51
43852.2	-39.93
43878.4	-39.39
43904.7	-39.81
43931.0	-39.36
43957.4	-39.26
43983.7	-39.65
44010.2	-39.70
44036.6	-39.44
44063.1	-39.24
44089.5	-39.59
44116.0	-39.94
44142.4	-39.48
44169.0	-40.24
44195.5	-39.75
44222.1	-40.13
44248.6	-40.23
44275.4	-40.25
44301.9	-39.87
44328.5	-40.24
44355.2	-40.07
44382.0	-40.27
44408.7	-40.74
44435.5	-40.46
44462.2	-39.91
44489.1	-40.79
44515.8	-40.09
44545.3	-39.64
44569.4	-39.80
44596.6	-39.67
44623.4	-39.67
44650.3	-39.91
44677.2	-39.92
44704.2	-40.10
44729.3	-40.01
44754.4	-39.84
44783.3	-39.85
44812.3	-39.73
44839.3	-40.17
44866.4	-40.03
44892.8	-39.92
44919.2	-39.93
44947.0	-39.62
44975.0	-39.74
45002.1	-40.10
45029.3	-40.25
45055.0	-40.64
45081.8	-40.06
45110.3	-40.16
45138.1	-39.98
45165.2	-40.13
45192.6	-40.03
45219.7	-39.16
45247.1	-39.70
45274.3	-40.15
45301.7	-40.02
45328.9	-39.43
45356.3	-39.80
45383.5	-40.06
45410.8	-40.04
45438.1	-39.39
45465.5	-39.29
45492.7	-39.07
45520.1	-39.25
45547.3	-39.40
45574.7	-39.64
45601.9	-39.30
45629.3	-39.61
45653.8	-39.54
45683.9	-39.11
45711.1	-39.42
45738.5	-39.72
45765.7	-38.94
45793.1	-39.61
45820.3	-38.53
45847.6	-39.00
45874.8	-39.32
45902.1	-39.60
45929.3	-38.63
45956.6	-38.70
45983.7	-38.77
46011.2	-39.26
46038.2	-38.91
46065.2	-38.89
46092.2	-38.78
46119.4	-38.50
46146.4	-38.73
46173.5	-38.61
46200.5	-38.78
46227.5	-38.83
46254.4	-38.18
46281.6	-38.77
46308.4	-38.64
46335.2	-38.89
46362.0	-38.07
46388.9	-39.35
46415.6	-39.18
46442.2	-38.46
46468.8	-38.47
46495.7	-38.43
46522.3	-38.27
46548.9	-38.72
46575.5	-38.48
46602.0	-39.01
46628.3	-38.31
46655.0	-37.62
46681.3	-38.20
46710.4	-38.12
46734.0	-38.69
46760.4	-38.35
46786.5	-38.06
46812.8	-37.88
46838.8	-37.70
46865.0	-37.69
46891.0	-37.89
46917.0	-37.77
46943.0	-37.86
46969.0	-37.93
46994.8	-38.18
47020.8	-38.46
47045.2	-37.59
47069.9	-38.29
47096.8	-38.24
47123.7	-37.88
47149.3	-38.23
47175.0	-38.47
47198.6	-38.24
47219.7	-38.39
47247.0	-38.18
47276.9	-38.64
47302.2	-38.26
47327.6	-38.80
47352.7	-38.62
47377.8	-38.72
47403.2	-38.95
47428.7	-39.34
47453.8	-38.46
47479.0	-38.62
47504.8	-39.04
47530.6	-38.05
47554.8	-38.78
47579.0	-38.97
47603.8	-38.91
47628.8	-38.88
47653.9	-38.99
47679.0	-38.76
47703.5	-38.17
47730.6	-39.20
47752.8	-38.87
47777.5	-39.27
47800.7	-38.55
47823.9	-39.18
47850.0	-38.45
47876.3	-38.69
47900.9	-38.63
47925.7	-38.86
47950.3	-38.83
47975.2	-38.85
47999.9	-38.42
48024.9	-39.11
48049.6	-39.38
48074.7	-39.35
48100.9	-39.09
48127.2	-39.57
48151.2	-39.15
48175.4	-39.37
48200.7	-39.25
48226.4	-39.59
48252.6	-39.46
48279.0	-39.33
48304.5	-39.90
48330.4	-39.07
48356.9	-40.50
48383.7	-39.54
48410.7	-39.74
48438.1	-40.05
48465.7	-39.85
48493.7	-40.02
48521.9	-40.36
48550.7	-40.23
48578.8	-40.11
48607.3	-40.13
48638.1	-40.42
48669.4	-39.60
48700.1	-39.95
48731.3	-39.99
48760.2	-39.87
48795.9	-40.03
48828.0	-39.82
48860.7	-39.96
48894.0	-39.96
48928.1	-40.15
48964.0	-39.97
49000.7	-39.74
49034.1	-38.82
49068.0	-39.68
49103.9	-39.47
49140.4	-39.93
49178.8	-39.27
49217.7	-39.15
49252.9	-38.81
49288.5	-39.64
49325.8	-39.35
49363.4	-39.38
49403.0	-39.35
49442.8	-38.62
49477.7	-39.34
49512.7	-38.83
49549.5	-39.63
49586.3	-39.35
49622.3	-39.71
49658.1	-39.78
49693.1	-39.92
49727.9	-39.39
49761.9	-39.53
49795.6	-40.40
49828.6	-39.68
49861.2	-38.77
49893.0	-39.86
49924.6	-39.99
49955.6	-39.72
49986.4	-40.06
50016.6	-39.29
50046.7	-38.92
50076.3	-38.87
50105.9	-39.09
50135.1	-39.52
50167.2	-40.01
50193.3	-39.95
50222.4	-39.67
50251.3	-40.08
50280.3	-40.11
50309.1	-39.91
50338.1	-39.48
50367.0	-38.72
50396.1	-39.95
50425.2	-39.10
50454.6	-39.32
50483.8	-39.63
50513.3	-39.16
50542.8	-39.31
50572.6	-39.24
50602.3	-39.72
50632.4	-38.84
50662.5	-39.76
50693.0	-39.72
50723.5	-39.37
50754.3	-39.40
50785.0	-39.18
50816.1	-39.29
50847.2	-40.08
50878.7	-38.52
50910.1	-39.66
50941.9	-39.64
50973.5	-39.31
51005.6	-39.26
51037.5	-38.88
51069.6	-39.27
51101.8	-38.78
51134.3	-38.95
51166.7	-38.77
51199.4	-39.96
51232.0	-39.15
51264.9	-39.14
51297.8	-39.44
51331.0	-39.70
51364.0	-39.08
51401.1	-39.00
51430.6	-39.19
51464.1	-39.55
51497.5	-39.13
51531.1	-39.85
51564.6	-39.08
51598.4	-38.90
51632.0	-39.42
51666.0	-39.80
51699.7	-39.21
51733.7	-39.25
51767.6	-39.04
51800.1	-39.27
51833.2	-39.44
51869.8	-39.11
51904.8	-39.23
51938.4	-38.97
51972.5	-39.03
52006.9	-39.45
52041.1	-39.56
52075.4	-38.99
52109.7	-39.61
52144.3	-38.71
52178.6	-39.04
52213.1	-38.82
52247.6	-39.38
52282.2	-38.64
52316.6	-38.47
52351.3	-38.77
52385.8	-38.82
52420.6	-38.31
52455.1	-39.04
52489.9	-38.71
52524.5	-38.56
52559.4	-39.11
52594.1	-38.88
52629.0	-38.42
52663.8	-39.46
52698.7	-38.55
52733.5	-38.44
52772.0	-37.85
52803.3	-39.04
52838.4	-39.29
52873.3	-38.54
52908.5	-38.53
52943.6	-38.36
52978.9	-38.34
53014.0	-37.86
53049.3	-38.22
53084.5	-38.47
53119.9	-38.06
53155.2	-38.23
53190.8	-38.61
53226.2	-38.51
53261.8	-38.51
53297.4	-38.27
53333.2	-38.19
53368.7	-38.11
53404.5	-38.61
53439.2	-38.22
53473.8	-38.61
53510.7	-38.26
53547.8	-37.90
53583.6	-38.20
53619.5	-38.18
53655.4	-38.75
53691.4	-38.41
53727.2	-38.26
53763.2	-38.48
53799.0	-37.65
53835.0	-37.25
53870.7	-38.25
53906.6	-37.83
53942.3	-38.01
53978.1	-37.84
54013.7	-37.72
54049.3	-37.57
54084.8	-37.94
54120.5	-37.67
54155.8	-37.67
54194.7	-37.62
54226.2	-36.97
54261.5	-37.87
54296.3	-38.08
54331.0	-37.62
54365.4	-37.63
54400.0	-38.21
54434.2	-37.75
54468.5	-38.07
54502.4	-38.66
54536.5	-37.85
54570.1	-37.89
54603.8	-37.76
54637.2	-37.77
54670.7	-38.22
54703.9	-38.05
54737.4	-38.11
54770.5	-38.30
54803.9	-38.17
54837.1	-38.18
54870.6	-38.28
54904.0	-38.02
54937.6	-38.24
54971.3	-38.16
55005.3	-38.40
55039.4	-38.32
55074.0	-38.90
55108.7	-37.94
55144.1	-37.86
55179.7	-38.42
55216.1	-38.39
55255.3	-38.53
55295.4	-38.82
55331.4	-38.98
55368.4	-38.31
55408.4	-38.90
55449.7	-38.90
55491.9	-38.66
55535.5	-39.37
55580.2	-38.82
55631.2	-38.09
55673.9	-38.43
55723.2	-38.78
55773.8	-38.09
55826.2	-38.36
55879.8	-37.50
55935.1	-37.88
55991.4	-38.49
56049.3	-38.41
56107.8	-38.50
56167.3	-38.55
56226.8	-38.99
56286.5	-38.97
56345.4	-38.70
56404.0	-39.14
56461.5	-39.60
56518.2	-38.91
56573.6	-38.99
56614.6	-39.21
56641.6	-39.80
56668.2	-39.99
56688.0	-39.14
56707.7	-39.38
56731.5	-39.63
56755.1	-39.12
56780.7	-39.22
56806.1	-39.32
56831.3	-39.55
56856.6	-39.53
56881.5	-39.55
56906.3	-38.89
56930.9	-39.92
56955.7	-39.47
56980.2	-38.86
57004.6	-39.57
57028.9	-39.92
57053.6	-39.01
57077.9	-38.94
57102.2	-39.37
57126.5	-39.11
57151.1	-39.54
57175.5	-39.10
57199.9	-38.96
57224.2	-39.18
57248.8	-39.37
57273.4	-39.39
57298.0	-39.34
57322.6	-39.69
57347.5	-39.30
57372.4	-39.35
57397.4	-39.26
57422.5	-39.21
57447.9	-39.00
57473.3	-38.31
57498.8	-39.07
57524.4	-39.45
57550.3	-38.94
57576.2	-38.73
57602.3	-39.03
57628.5	-38.97
57671.0	-39.07
57697.6	-39.09
57724.5	-39.05
57743.1	-38.60
57763.9	-39.10
57791.2	-38.77
57817.0	-38.67
57844.5	-38.20
57872.5	-38.61
57900.5	-38.31
57928.6	-38.88
57956.7	-38.13
57985.4	-38.46
58014.1	-37.97
58042.8	-38.37
58071.6	-38.35
58100.8	-38.28
58130.0	-38.22
58159.3	-38.23
58188.6	-38.00
58218.2	-38.19
58247.9	-38.01
58277.6	-38.46
58307.1	-38.49
58336.9	-38.41
58366.7	-37.55
58396.5	-38.27
58422.1	-37.91
58447.8	-38.14
58480.3	-37.73
58515.7	-37.93
58545.9	-38.11
58573.5	-38.32
58602.5	-38.10
58631.3	-38.78
58659.6	-38.37
58688.0	-38.81
58716.0	-38.31
58743.8	-38.97
58771.0	-38.65
58798.3	-39.26
58825.1	-38.72
58851.7	-38.53
58877.8	-38.71
58904.0	-38.42
58929.8	-38.00
58955.4	-37.44
58980.9	-37.79
59006.5	-37.65
59031.9	-37.91
59057.3	-38.08
59082.6	-37.56
59108.4	-37.10
59134.1	-37.42
59159.9	-37.47
59185.7	-37.21
59212.0	-37.55
59238.4	-36.75
59264.9	-36.85
59291.5	-37.78
59318.5	-37.50
59345.4	-37.52
59372.4	-37.77
59399.4	-37.95
59426.6	-38.27
59453.5	-37.77
59480.2	-38.00
59506.6	-38.49
59533.2	-37.41
59559.5	-37.34
59585.7	-37.36
59611.6	-37.17
59637.7	-37.49
59663.7	-37.17
59689.7	-37.00
59715.6	-37.58
59741.9	-37.65
59768.4	-37.29
59795.1	-37.25
59822.0	-37.28
59866.0	-37.85
59893.9	-37.95
59922.0	-37.89
59941.8	-37.45
59962.0	-37.53
59991.2	-37.78
60020.7	-37.51
60050.6	-37.44
60081.4	-38.16
60112.4	-37.64
60143.9	-37.79
60175.8	-37.68
60208.6	-38.04
60241.8	-38.11
60275.6	-38.06
60310.0	-37.73
60345.4	-37.89
60381.1	-38.01
60417.6	-38.06
60454.3	-37.98
60492.3	-38.25
60530.8	-37.82
60570.2	-38.17
60609.8	-38.11
60650.8	-38.39
60692.4	-38.52
60734.8	-38.49
60777.8	-38.24
60822.1	-38.20
60866.8	-38.01
60912.3	-38.33
60952.0	-38.13
60992.3	-38.15
61039.8	-38.88
61088.1	-38.48
61143.8	-38.24
61201.1	-38.57
61251.6	-38.60
61302.8	-38.80
61354.1	-38.83
61406.7	-38.83
61459.7	-38.35
61513.2	-38.82
61566.9	-38.68
61621.6	-39.17
61676.6	-38.78
61732.0	-38.67
61787.6	-38.40
61844.2	-38.80
61900.7	-38.46
61957.5	-38.86
62014.1	-38.81
62071.5	-38.71
62128.9	-39.11
62186.4	-38.59
62243.7	-38.84
62301.7	-38.96
62359.3	-38.98
62417.0	-38.83
62474.3	-39.37
62532.3	-38.98
62589.8	-39.20
62647.0	-39.35
62703.3	-39.15
62760.2	-39.54
62816.7	-39.81
62872.9	-39.87
62928.4	-39.98
62984.2	-39.69
63039.4	-39.76
63094.1	-39.28
63148.1	-39.88
63202.3	-40.18
63255.7	-39.99
63308.7	-40.10
63360.9	-40.67
63413.3	-40.55
63464.8	-40.41
63515.7	-40.56
63565.8	-40.46
63645.4	-41.05
63694.4	-41.35
63742.8	-40.93
63776.2	-40.59
63809.8	-40.81
63856.9	-41.44
63903.5	-41.22
63949.5	-41.39
63995.3	-40.89
64040.4	-41.29
64085.1	-41.03
64129.1	-40.87
64173.3	-41.34
64216.7	-41.53
64259.7	-41.04
64302.1	-40.30
64344.7	-40.54
64386.7	-40.57
64428.5	-39.74
64469.7	-39.96
64511.2	-39.95
64552.3	-40.08
64593.3	-40.03
64633.8	-39.87
64674.6	-39.96
64715.3	-40.13
64755.9	-39.72
64796.4	-39.95
64837.4	-39.76
64878.1	-40.12
64919.0	-40.28
64959.7	-40.25
65001.0	-40.36
65042.2	-40.36
65083.6	-40.81
65125.1	-40.06
65167.3	-40.52
65209.4	-40.67
65251.7	-40.90
65297.3	-40.47
65343.2	-40.51
65386.4	-40.71
65430.1	-40.57
65470.8	-40.49
65512.2	-40.11
65556.9	-40.34
65601.8	-40.30
65646.9	-40.58
65692.7	-40.16
65738.9	-40.19
65785.4	-40.62
65832.1	-40.29
65879.6	-40.69
65927.3	-40.51
65975.3	-39.99
66023.5	-40.05
66072.6	-40.38
66121.8	-40.25
66171.4	-40.71
66216.4	-40.48
66261.7	-40.85
66312.3	-40.78
66363.2	-40.65
66419.2	-40.57
66476.1	-40.74
66528.0	-40.39
66580.3	-40.67
66632.5	-40.68
66685.4	-40.82
66738.5	-40.79
66791.9	-40.91
66845.3	-41.28
66899.7	-41.86
66953.7	-42.03
67008.0	-41.32
67061.9	-41.03
67116.7	-41.18
67171.5	-41.10
67226.3	-41.27
67281.0	-41.13
67369.5	-40.71
67424.7	-40.21
67479.9	-40.32
67518.3	-40.36
67557.1	-40.92
67612.4	-41.43
67667.6	-41.39
67730.3	-41.36

