8000.00 12.24
8010.00 12.21
8020.00 12.23
8030.00 12.19
8040.00 12.20
8050.00 12.20
8060.00 12.19
8070.00 12.18
8080.00 12.17
8090.00 12.15
8100.00 12.14
8110.00 12.12
8120.00 12.10
8130.00 12.08
8140.00 12.05
8150.00 12.02
8160.00 11.99
8170.00 11.96
8180.00 11.96
8190.00 11.97
8200.00 11.99
8210.00 12.00
8220.00 12.05
8230.00 12.05
8240.00 12.11
8250.00 12.11
8260.00 12.16
8270.00 12.16
8280.00 12.21
8290.00 12.20
8300.00 12.24
8310.00 12.22
8320.00 12.20
8330.00 12.21
8340.00 12.22
8350.00 12.22
8360.00 12.20
8370.00 12.22
8380.00 12.24
8390.00 12.25
8400.00 12.27
8410.00 12.27
8420.00 12.27
8430.00 12.26
8440.00 12.25
8450.00 12.22
8460.00 12.28
8470.00 12.30
8480.00 12.31
8490.00 12.31
8500.00 12.36
8510.00 12.35
8520.00 12.39
8530.00 12.38
8540.00 12.36
8550.00 12.39
8560.00 12.39
8570.00 12.45
8580.00 12.44
8590.00 12.48
8600.00 12.47
8610.00 12.45
8620.00 12.52
8630.00 12.60
8640.00 12.63
8650.00 12.72
8660.00 12.77
8670.00 12.85
8680.00 12.94
8690.00 12.98
8700.00 13.07
8710.00 13.10
8720.00 13.17
8730.00 13.20
8740.00 13.26
8750.00 13.28
8760.00 13.29
8770.00 13.30
8780.00 13.35
8790.00 13.36
8800.00 13.36
8810.00 13.36
8820.00 13.40
8830.00 13.39
8840.00 13.38
8850.00 13.37
8860.00 13.41
8870.00 13.42
8880.00 13.42
8890.00 13.41
8900.00 13.40
8910.00 13.39
8920.00 13.37
8930.00 13.35
8940.00 13.32
8950.00 13.30
8960.00 13.29
8970.00 13.27
8980.00 13.25
8990.00 13.22
9000.00 13.24
9010.00 13.21
9020.00 13.18
9030.00 13.15
9040.00 13.16
9050.00 13.13
9060.00 13.11
9070.00 13.11
9080.00 13.12
9090.00 13.19
9100.00 13.22
9110.00 13.24
9120.00 13.26
9130.00 13.32
9140.00 13.34
9150.00 13.40
9160.00 13.41
9170.00 13.47
9180.00 13.47
9190.00 13.51
9200.00 13.50
9210.00 13.55
9220.00 13.54
9230.00 13.59
9240.00 13.58
9250.00 13.61
9260.00 13.60
9270.00 13.64
9280.00 13.62
9290.00 13.60
9300.00 13.58
9310.00 13.56
9320.00 13.56
9330.00 13.62
9340.00 13.63
9350.00 13.63
9360.00 13.65
9370.00 13.68
9380.00 13.70
9390.00 13.72
9400.00 13.73
9410.00 13.74
9420.00 13.69
9430.00 13.63
9440.00 13.58
9450.00 13.59
9460.00 13.55
9470.00 13.53
9480.00 13.50
9490.00 13.52
9500.00 13.49
9510.00 13.45
9520.00 13.41
9530.00 13.37
9540.00 13.36
9550.00 13.36
9560.00 13.36
9570.00 13.35
9580.00 13.34
9590.00 13.32
9600.00 13.31
9610.00 13.29
9620.00 13.28
9630.00 13.26
9640.00 13.24
9650.00 13.22
9660.00 13.19
9670.00 13.16
9680.00 13.14
9690.00 13.14
9700.00 13.18
9710.00 13.17
9720.00 13.16
9730.00 13.16
9740.00 13.17
9750.00 13.17
9760.00 13.22
9770.00 13.22
9780.00 13.21
9790.00 13.20
9800.00 13.22
9810.00 13.22
9820.00 13.22
9830.00 13.21
9840.00 13.21
9850.00 13.22
9860.00 13.24
9870.00 13.20
9880.00 13.21
9890.00 13.22
9900.00 13.22
9910.00 13.21
9920.00 13.21
9930.00 13.20
9940.00 13.19
9950.00 13.19
9960.00 13.19
9970.00 13.22
9980.00 13.21
9990.00 13.22
10000.00 13.22
10010.00 13.26
10020.00 13.25
10030.00 13.32
10040.00 13.33
10050.00 13.33
10060.00 13.32
10070.00 13.36
10080.00 13.35
10090.00 13.31
10100.00 13.32
10110.00 13.27
10120.00 13.28
10130.00 13.25
10140.00 13.26
10150.00 13.23
10160.00 13.23
10170.00 13.23
10180.00 13.18
10190.00 13.17
10200.00 13.11
10210.00 13.10
10220.00 13.08
10230.00 13.06
10240.00 13.11
10250.00 13.12
10260.00 13.19
10270.00 13.19
10280.00 13.24
10290.00 13.25
10300.00 13.25
10310.00 13.30
10320.00 13.29
10330.00 13.33
10340.00 13.32
10350.00 13.31
10360.00 13.31
10370.00 13.31
10380.00 13.31
10390.00 13.30
10400.00 13.30
10410.00 13.31
10420.00 13.27
10430.00 13.26
10440.00 13.27
10450.00 13.29
10460.00 13.29
10470.00 13.29
10480.00 13.23
10490.00 13.21
10500.00 13.21
10510.00 13.23
10520.00 13.21
10530.00 13.25
10540.00 13.28
10550.00 13.31
10560.00 13.30
10570.00 13.34
10580.00 13.38
10590.00 13.43
10600.00 13.43
10610.00 13.47
10620.00 13.51
10630.00 13.54
10640.00 13.57
10650.00 13.60
10660.00 13.62
10670.00 13.63
10680.00 13.66
10690.00 13.63
10700.00 13.65
10710.00 13.66
10720.00 13.65
10730.00 13.65
10740.00 13.65
10750.00 13.64
10760.00 13.63
10770.00 13.57
10780.00 13.55
10790.00 13.54
10800.00 13.46
10810.00 13.44
10820.00 13.36
10830.00 13.33
10840.00 13.30
10850.00 13.21
10860.00 13.16
10870.00 13.07
10880.00 13.02
10890.00 12.92
10900.00 12.87
10910.00 12.83
10920.00 12.75
10930.00 12.72
10940.00 12.64
10950.00 12.61
10960.00 12.61
10970.00 12.56
10980.00 12.55
10990.00 12.51
11000.00 12.53
11010.00 12.50
11020.00 12.51
11030.00 12.51
11040.00 12.51
11050.00 12.46
11060.00 12.46
11070.00 12.44
11080.00 12.42
11090.00 12.41
11100.00 12.40
11110.00 12.36
11120.00 12.36
11130.00 12.35
11140.00 12.36
11150.00 12.36
11160.00 12.35
11170.00 12.35
11180.00 12.36
11190.00 12.38
11200.00 12.39
11210.00 12.39
11220.00 12.39
11230.00 12.39
11240.00 12.40
11250.00 12.41
11260.00 12.46
11270.00 12.45
11280.00 12.43
11290.00 12.41
11300.00 12.35
11310.00 12.37
11320.00 12.37
11330.00 12.32
11340.00 12.30
11350.00 12.31
11360.00 12.26
11370.00 12.26
11380.00 12.27
11390.00 12.23
11400.00 12.24
11410.00 12.23
11420.00 12.18
11430.00 12.17
11440.00 12.12
11450.00 12.10
11460.00 12.10
11470.00 12.10
11480.00 12.12
11490.00 12.15
11500.00 12.17
11510.00 12.21
11520.00 12.25
11530.00 12.28
11540.00 12.32
11550.00 12.36
11560.00 12.40
11570.00 12.44
11580.00 12.48
11590.00 12.53
11600.00 12.57
11610.00 12.56
11620.00 12.59
11630.00 12.62
11640.00 12.65
11650.00 12.67
11660.00 12.68
11670.00 12.70
11680.00 12.66
11690.00 12.66
11700.00 12.70
11710.00 12.77
11720.00 12.84
11730.00 12.86
11740.00 12.91
11750.00 12.95
11760.00 12.99
11770.00 13.01
11780.00 12.99
11790.00 13.01
11800.00 13.02
11810.00 12.98
11820.00 12.97
11830.00 12.97
11840.00 13.00
11850.00 12.99
11860.00 12.97
11870.00 13.00
11880.00 12.98
11890.00 12.98
11900.00 13.03
11910.00 13.05
11920.00 13.11
11930.00 13.13
11940.00 13.14
11950.00 13.20
11960.00 13.22
11970.00 13.23
11980.00 13.24
11990.00 13.25
12000.00 13.26
12010.00 13.26
12020.00 13.27
12030.00 13.22
12040.00 13.23
12050.00 13.23
12060.00 13.23
12070.00 13.25
12080.00 13.26
12090.00 13.28
12100.00 13.30
12110.00 13.27
12120.00 13.30
12130.00 13.33
12140.00 13.37
12150.00 13.37
12160.00 13.43
12170.00 13.48
12180.00 13.53
12190.00 13.52
12200.00 13.56
12210.00 13.60
12220.00 13.63
12230.00 13.61
12240.00 13.64
12250.00 13.61
12260.00 13.58
12270.00 13.51
12280.00 13.48
12290.00 13.46
12300.00 13.43
12310.00 13.40
12320.00 13.37
12330.00 13.34
12340.00 13.32
12350.00 13.33
12360.00 13.31
12370.00 13.34
12380.00 13.37
12390.00 13.41
12400.00 13.40
12410.00 13.44
12420.00 13.49
12430.00 13.48
12440.00 13.52
12450.00 13.57
12460.00 13.57
12470.00 13.62
12480.00 13.66
12490.00 13.66
12500.00 13.70
12510.00 13.74
12520.00 13.82
12530.00 13.86
12540.00 13.93
12550.00 13.95
12560.00 14.02
12570.00 14.03
12580.00 14.09
12590.00 14.09
12600.00 14.13
12610.00 14.17
12620.00 14.15
12630.00 14.18
12640.00 14.16
12650.00 14.14
12660.00 14.11
12670.00 14.02
12680.00 13.94
12690.00 13.85
12700.00 13.82
12710.00 13.73
12720.00 13.64
12730.00 13.59
12740.00 13.49
12750.00 13.39
12760.00 13.34
12770.00 13.24
12780.00 13.19
12790.00 13.15
12800.00 13.11
12810.00 13.11
12820.00 13.07
12830.00 13.04
12840.00 13.06
12850.00 13.06
12860.00 13.07
12870.00 13.13
12880.00 13.13
12890.00 13.13
12900.00 13.13
12910.00 13.13
12920.00 13.12
12930.00 13.12
12940.00 13.06
12950.00 13.05
12960.00 13.02
12970.00 12.98
12980.00 13.00
12990.00 12.96
13000.00 12.97
13010.00 12.98
13020.00 12.94
13030.00 12.93
13040.00 12.88
13050.00 12.82
13060.00 12.83
13070.00 12.78
13080.00 12.73
13090.00 12.67
13100.00 12.66
13110.00 12.60
13120.00 12.53
13130.00 12.46
13140.00 12.46
13150.00 12.43
13160.00 12.40
13170.00 12.36
13180.00 12.38
13190.00 12.36
13200.00 12.33
13210.00 12.35
13220.00 12.32
13230.00 12.29
13240.00 12.30
13250.00 12.25
13260.00 12.20
13270.00 12.15
13280.00 12.14
13290.00 12.09
13300.00 12.02
13310.00 12.00
13320.00 12.03
13330.00 12.01
13340.00 11.99
13350.00 12.01
13360.00 11.98
13370.00 11.97
13380.00 12.00
13390.00 12.02
13400.00 12.08
13410.00 12.09
13420.00 12.16
13430.00 12.18
13440.00 12.19
13450.00 12.24
13460.00 12.23
13470.00 12.22
13480.00 12.20
13490.00 12.18
13500.00 12.16
13510.00 12.20
13520.00 12.22
13530.00 12.24
13540.00 12.25
13550.00 12.26
13560.00 12.26
13570.00 12.31
13580.00 12.25
13590.00 12.23
13600.00 12.17
13610.00 12.16
13620.00 12.16
13630.00 12.12
13640.00 12.13
13650.00 12.09
13660.00 12.10
13670.00 12.09
13680.00 12.03
13690.00 12.02
13700.00 11.96
13710.00 11.96
13720.00 11.94
13730.00 11.92
13740.00 11.96
13750.00 11.96
13760.00 11.96
13770.00 12.01
13780.00 12.03
13790.00 12.06
13800.00 12.14
13810.00 12.17
13820.00 12.21
13830.00 12.29
13840.00 12.32
13850.00 12.41
13860.00 12.49
13870.00 12.57
13880.00 12.60
13890.00 12.68
13900.00 12.78
13910.00 12.87
13920.00 12.97
13930.00 13.06
13940.00 13.10
13950.00 13.19
13960.00 13.27
13970.00 13.34
13980.00 13.40
13990.00 13.46
14000.00 13.51
14010.00 13.60
14020.00 13.64
14030.00 13.67
14040.00 13.70
14050.00 13.73
14060.00 13.76
14070.00 13.78
14080.00 13.79
14090.00 13.84
14100.00 13.85
14110.00 13.84
14120.00 13.83
14130.00 13.85
14140.00 13.83
14150.00 13.80
14160.00 13.80
14170.00 13.76
14180.00 13.71
14190.00 13.70
14200.00 13.64
14210.00 13.57
14220.00 13.55
14230.00 13.47
14240.00 13.39
14250.00 13.30
14260.00 13.13
14270.00 12.99
14280.00 12.86
14290.00 12.74
14300.00 12.61
14310.00 12.48
14320.00 12.34
14330.00 12.20
14340.00 12.06
14350.00 11.91
14360.00 11.78
14370.00 11.67
14380.00 11.56
14390.00 11.54
14400.00 11.48
14410.00 11.47
14420.00 11.47
14430.00 11.42
14440.00 11.42
14450.00 11.43
14460.00 11.44
14470.00 11.41
14480.00 11.46
14490.00 11.53
14500.00 11.55
14510.00 11.62
14520.00 11.63
14530.00 11.68
14540.00 11.67
14550.00 11.71
14560.00 11.69
14570.00 11.67
14580.00 11.70
14590.00 11.70
14600.00 11.71
14610.00 11.76
14620.00 11.76
14630.00 11.80
14640.00 11.80
14650.00 11.81
14660.00 11.83
14670.00 11.84
14680.00 11.85
14690.00 11.87
14700.00 11.88
14710.00 11.89
14720.00 11.89
14730.00 11.88
14740.00 11.89
14750.00 11.88
14760.00 11.88
14770.00 11.87
14780.00 11.85
14790.00 11.89
14800.00 11.89
14810.00 11.94
14820.00 11.99
14830.00 12.04
14840.00 12.07
14850.00 12.10
14860.00 12.15
14870.00 12.20
14880.00 12.24
14890.00 12.23
14900.00 12.27
14910.00 12.32
14920.00 12.37
14930.00 12.42
14940.00 12.41
14950.00 12.39
14960.00 12.45
14970.00 12.45
14980.00 12.50
14990.00 12.50
15000.00 12.50
15010.00 12.53
15020.00 12.53
15030.00 12.58
15040.00 12.57
15050.00 12.61
15060.00 12.62
15070.00 12.68
15080.00 12.72
15090.00 12.75
15100.00 12.77
15110.00 12.84
15120.00 12.90
15130.00 12.97
15140.00 13.02
15150.00 13.02
15160.00 13.07
15170.00 13.12
15180.00 13.18
15190.00 13.24
15200.00 13.26
15210.00 13.33
15220.00 13.35
15230.00 13.37
15240.00 13.43
15250.00 13.45
15260.00 13.50
15270.00 13.52
15280.00 13.53
15290.00 13.59
15300.00 13.59
15310.00 13.59
15320.00 13.63
15330.00 13.62
15340.00 13.66
15350.00 13.64
15360.00 13.68
15370.00 13.70
15380.00 13.73
15390.00 13.70
15400.00 13.73
15410.00 13.71
15420.00 13.75
15430.00 13.81
15440.00 13.81
15450.00 13.86
15460.00 13.91
15470.00 13.90
15480.00 13.89
15490.00 13.87
15500.00 13.91
15510.00 13.91
15520.00 13.94
15530.00 13.97
15540.00 14.07
15550.00 14.12
15560.00 14.17
15570.00 14.22
15580.00 14.27
15590.00 14.37
15600.00 14.48
15610.00 14.63
15620.00 14.79
15630.00 14.94
15640.00 15.09
15650.00 15.24
15660.00 15.38
15670.00 15.52
15680.00 15.66
15690.00 15.79
15700.00 15.92
15710.00 16.04
15720.00 16.16
15730.00 16.27
15740.00 16.28
15750.00 16.29
15760.00 16.29
15770.00 16.28
15780.00 16.27
15790.00 16.21
15800.00 16.19
15810.00 16.17
15820.00 16.15
15830.00 16.12
15840.00 16.09
15850.00 16.01
15860.00 15.98
15870.00 16.00
15880.00 16.06
15890.00 16.08
15900.00 16.14
15910.00 16.21
15920.00 16.28
15930.00 16.34
15940.00 16.40
15950.00 16.47
15960.00 16.55
15970.00 16.59
15980.00 16.68
15990.00 16.77
16000.00 16.85
16010.00 16.84
16020.00 16.82
16030.00 16.76
16040.00 16.69
16050.00 16.67
16060.00 16.60
16070.00 16.52
16080.00 16.49
16090.00 16.41
16100.00 16.38
16110.00 16.30
16120.00 16.27
16130.00 16.19
16140.00 16.23
16150.00 16.32
16160.00 16.46
16170.00 16.61
16180.00 16.77
16190.00 16.93
16200.00 17.09
16210.00 17.24
16220.00 17.38
16230.00 17.53
16240.00 17.68
16250.00 17.84
16260.00 18.01
16270.00 18.17
16280.00 18.28
16290.00 18.38
16300.00 18.44
16310.00 18.54
16320.00 18.63
16330.00 18.67
16340.00 18.76
16350.00 18.85
16360.00 18.90
16370.00 18.99
16380.00 19.08
16390.00 19.12
16400.00 19.21
16410.00 19.31
16420.00 19.49
16430.00 19.73
16440.00 19.93
16450.00 20.14
16460.00 20.41
16470.00 20.64
16480.00 20.93
16490.00 21.17
16500.00 21.42
16510.00 21.73
16520.00 21.99
16530.00 22.25
16540.00 22.56
16550.00 22.73
16560.00 22.85
16570.00 22.98
16580.00 23.15
16590.00 23.28
16600.00 23.42
16610.00 23.55
16620.00 23.68
16630.00 23.82
16640.00 24.00
16650.00 24.14
16660.00 24.28
16670.00 24.42
16680.00 24.61
16690.00 24.84
16700.00 25.07
16710.00 25.33
16720.00 25.57
16730.00 25.85
16740.00 26.09
16750.00 26.34
16760.00 26.63
16770.00 26.89
16780.00 27.19
16790.00 27.45
16800.00 27.71
16810.00 28.02
16820.00 28.25
16830.00 28.40
16840.00 28.60
16850.00 28.76
16860.00 28.96
16870.00 29.13
16880.00 29.35
16890.00 29.53
16900.00 29.75
16910.00 29.93
16920.00 30.15
16930.00 30.37
16940.00 30.55
16950.00 30.80
16960.00 31.12
16970.00 31.44
16980.00 31.79
16990.00 32.14
17000.00 32.44
17010.00 32.78
17020.00 33.11
17030.00 33.44
17040.00 33.73
17050.00 34.05
17060.00 34.37
17070.00 34.68
17080.00 34.95
17090.00 35.22
17100.00 35.38
17110.00 35.58
17120.00 35.77
17130.00 35.96
17140.00 36.11
17150.00 36.29
17160.00 36.46
17170.00 36.59
17180.00 36.75
17190.00 36.92
17200.00 37.08
17210.00 37.24
17220.00 37.40
17230.00 37.55
17240.00 37.74
17250.00 37.92
17260.00 38.10
17270.00 38.27
17280.00 38.44
17290.00 38.64
17300.00 38.76
17310.00 38.95
17320.00 39.10
17330.00 39.24
17340.00 39.38
17350.00 39.51
17360.00 39.64
17370.00 39.79
17380.00 39.94
17390.00 40.08
17400.00 40.22
17410.00 40.35
17420.00 40.47
17430.00 40.59
17440.00 40.67
17450.00 40.78
17460.00 40.88
17470.00 40.97
17480.00 41.06
17490.00 41.14
17500.00 41.15
17510.00 41.19
17520.00 41.18
17530.00 41.17
17540.00 41.16
17550.00 41.14
17560.00 41.11
17570.00 41.09
17580.00 41.05
17590.00 41.05
17600.00 41.01
17610.00 40.96
17620.00 40.91
17630.00 40.86
17640.00 40.85
17650.00 40.79
17660.00 40.73
17670.00 40.71
17680.00 40.65
17690.00 40.59
17700.00 40.56
17710.00 40.52
17720.00 40.44
17730.00 40.40
17740.00 40.35
17750.00 40.31
17760.00 40.26
17770.00 40.21
17780.00 40.16
17790.00 40.11
17800.00 40.06
17810.00 40.05
17820.00 39.99
17830.00 39.93
17840.00 39.87
17850.00 39.80
17860.00 39.78
17870.00 39.72
17880.00 39.65
17890.00 39.62
17900.00 39.55
17910.00 39.47
17920.00 39.40
17930.00 39.36
17940.00 39.28
17950.00 39.20
17960.00 39.11
17970.00 39.07
17980.00 38.99
17990.00 38.90
18000.00 38.86
18010.00 38.78
18020.00 38.69
18030.00 38.65
18040.00 38.56
18050.00 38.47
18060.00 38.39
18070.00 38.31
18080.00 38.23
18090.00 38.15
18100.00 38.07
18110.00 37.95
18120.00 37.93
18130.00 37.86
18140.00 37.79
18150.00 37.73
18160.00 37.62
18170.00 37.62
18180.00 37.57
18190.00 37.52
18200.00 37.49
18210.00 37.46
18220.00 37.43
18230.00 37.42
18240.00 37.41
18250.00 37.41
18260.00 37.43
18270.00 37.46
18280.00 37.49
18290.00 37.52
18300.00 37.56
18310.00 37.61
18320.00 37.65
18330.00 37.70
18340.00 37.75
18350.00 37.80
18360.00 37.85
18370.00 37.90
18380.00 37.96
18390.00 38.02
18400.00 38.08
18410.00 38.15
18420.00 38.22
18430.00 38.30
18440.00 38.42
18450.00 38.51
18460.00 38.60
18470.00 38.71
18480.00 38.83
18490.00 38.99
18500.00 39.11
18510.00 39.24
18520.00 39.36
18530.00 39.54
18540.00 39.66
18550.00 39.79
18560.00 39.92
18570.00 40.10
18580.00 40.23
18590.00 40.41
18600.00 40.60
18610.00 40.83
18620.00 41.02
18630.00 41.20
18640.00 41.43
18650.00 41.61
18660.00 41.79
18670.00 41.98
18680.00 42.21
18690.00 42.39
18700.00 42.57
18710.00 42.75
18720.00 42.93
18730.00 43.01
18740.00 43.13
18750.00 43.26
18760.00 43.33
18770.00 43.45
18780.00 43.57
18790.00 43.64
18800.00 43.75
18810.00 43.87
18820.00 43.94
18830.00 44.05
18840.00 44.17
18850.00 44.24
18860.00 44.30
18870.00 44.37
18880.00 44.43
18890.00 44.49
18900.00 44.55
18910.00 44.60
18920.00 44.66
18930.00 44.71
18940.00 44.71
18950.00 44.76
18960.00 44.81
18970.00 44.85
18980.00 44.90
18990.00 44.94
19000.00 44.94
19010.00 44.93
19020.00 44.97
19030.00 44.96
19040.00 44.99
19050.00 44.98
19060.00 45.02
19070.00 45.00
19080.00 45.03
19090.00 45.01
19100.00 45.04
19110.00 45.02
19120.00 45.05
19130.00 45.07
19140.00 45.09
19150.00 45.16
19160.00 45.18
19170.00 45.25
19180.00 45.26
19190.00 45.33
19200.00 45.34
19210.00 45.36
19220.00 45.42
19230.00 45.43
19240.00 45.50
19250.00 45.51
19260.00 45.58
19270.00 45.59
19280.00 45.61
19290.00 45.67
19300.00 45.69
19310.00 45.71
19320.00 45.79
19330.00 45.82
19340.00 45.85
19350.00 45.94
19360.00 45.99
19370.00 46.08
19380.00 46.13
19390.00 46.17
19400.00 46.26
19410.00 46.36
19420.00 46.45
19430.00 46.54
19440.00 46.63
19450.00 46.72
19460.00 46.76
19470.00 46.85
19480.00 46.94
19490.00 47.03
19500.00 47.12
19510.00 47.21
19520.00 47.30
19530.00 47.40
19540.00 47.51
19550.00 47.57
19560.00 47.69
19570.00 47.82
19580.00 47.94
19590.00 48.07
19600.00 48.20
19610.00 48.33
19620.00 48.47
19630.00 48.60
19640.00 48.69
19650.00 48.82
19660.00 48.96
19670.00 49.15
19680.00 49.28
19690.00 49.42
19700.00 49.56
19710.00 49.74
19720.00 49.88
19730.00 50.01
19740.00 50.19
19750.00 50.33
19760.00 50.46
19770.00 50.64
19780.00 50.77
19790.00 50.90
19800.00 51.03
19810.00 51.05
19820.00 51.03
19830.00 51.06
19840.00 51.08
19850.00 51.11
19860.00 51.13
19870.00 51.16
19880.00 51.13
19890.00 51.15
19900.00 51.18
19910.00 51.20
19920.00 51.22
19930.00 51.25
19940.00 51.27
19950.00 51.30
19960.00 51.34
19970.00 51.38
19980.00 51.47
19990.00 51.51
20000.00 51.56
20010.00 51.60
20020.00 51.69
20030.00 51.74
20040.00 51.78
20050.00 51.82
20060.00 51.87
20070.00 51.96
20080.00 52.00
20090.00 52.09
20100.00 52.13
20110.00 52.17
20120.00 52.26
20130.00 52.30
20140.00 52.39
20150.00 52.42
20160.00 52.51
20170.00 52.54
20180.00 52.57
20190.00 52.65
20200.00 52.68
20210.00 52.86
20220.00 52.98
20230.00 53.15
20240.00 53.32
20250.00 53.49
20260.00 53.66
20270.00 53.83
20280.00 53.99
20290.00 54.11
20300.00 54.28
20310.00 54.44
20320.00 54.60
20330.00 54.76
20340.00 54.87
20350.00 54.92
20360.00 54.93
20370.00 54.98
20380.00 55.03
20390.00 55.08
20400.00 55.08
20410.00 55.13
20420.00 55.18
20430.00 55.18
20440.00 55.22
20450.00 55.26
20460.00 55.25
20470.00 55.29
20480.00 55.27
20490.00 55.25
20500.00 55.23
20510.00 55.16
20520.00 55.14
20530.00 55.11
20540.00 55.08
20550.00 55.01
20560.00 54.99
20570.00 54.96
20580.00 54.93
20590.00 54.86
20600.00 54.83
20610.00 54.80
20620.00 54.82
20630.00 54.83
20640.00 54.80
20650.00 54.81
20660.00 54.82
20670.00 54.78
20680.00 54.79
20690.00 54.80
20700.00 54.81
20710.00 54.77
20720.00 54.78
20730.00 54.79
20740.00 54.79
20750.00 54.75
20760.00 54.66
20770.00 54.61
20780.00 54.52
20790.00 54.42
20800.00 54.38
20810.00 54.28
20820.00 54.24
20830.00 54.14
20840.00 54.10
20850.00 54.01
20860.00 53.97
20870.00 53.88
20880.00 53.84
20890.00 53.81
20900.00 53.78
20910.00 53.75
20920.00 53.73
20930.00 53.75
20940.00 53.72
20950.00 53.68
20960.00 53.65
20970.00 53.61
20980.00 53.58
20990.00 53.54
21000.00 53.56
21010.00 53.53
21020.00 53.46
21030.00 53.38
21040.00 53.30
21050.00 53.21
21060.00 53.13
21070.00 53.05
21080.00 52.96
21090.00 52.89
21100.00 52.81
21110.00 52.74
21120.00 52.67
21130.00 52.60
21140.00 52.54
21150.00 52.47
21160.00 52.40
21170.00 52.38
21180.00 52.37
21190.00 52.30
21200.00 52.29
21210.00 52.28
21220.00 52.26
21230.00 52.20
21240.00 52.19
21250.00 52.19
21260.00 52.13
21270.00 52.13
21280.00 52.14
21290.00 52.19
21300.00 52.24
21310.00 52.35
21320.00 52.45
21330.00 52.55
21340.00 52.66
21350.00 52.71
21360.00 52.81
21370.00 52.91
21380.00 53.01
21390.00 53.06
21400.00 53.16
21410.00 53.25
21420.00 53.35
21430.00 53.39
21440.00 53.39
21450.00 53.39
21460.00 53.43
21470.00 53.43
21480.00 53.48
21490.00 53.48
21500.00 53.52
21510.00 53.52
21520.00 53.56
21530.00 53.56
21540.00 53.61
21550.00 53.62
21560.00 53.63
21570.00 53.53
21580.00 53.44
21590.00 53.35
21600.00 53.25
21610.00 53.16
21620.00 53.07
21630.00 52.97
21640.00 52.87
21650.00 52.78
21660.00 52.68
21670.00 52.58
21680.00 52.53
21690.00 52.43
21700.00 52.43
21710.00 52.43
21720.00 52.43
21730.00 52.42
21740.00 52.42
21750.00 52.41
21760.00 52.46
21770.00 52.45
21780.00 52.44
21790.00 52.43
21800.00 52.43
21810.00 52.47
21820.00 52.46
21830.00 52.51
21840.00 52.57
21850.00 52.68
21860.00 52.79
21870.00 52.91
21880.00 52.99
21890.00 53.11
21900.00 53.24
21910.00 53.37
21920.00 53.45
21930.00 53.58
21940.00 53.71
21950.00 53.84
21960.00 53.92
21970.00 53.90
21980.00 53.83
21990.00 53.76
