#Age	d18O
#(yr BP)	(‰)
-35.9	-34.92
-31.3	-35.36
-26.4	-36.70
-21.2	-35.08
-15.9	-34.97
-10.2	-37.28
-4.4	-33.82
1.5	-33.89
7.5	-35.12
13.6	-35.32
19.7	-36.34
25.9	-38.25
32.4	-36.10
39.2	-36.85
46.4	-35.30
53.5	-36.40
60.9	-36.02
68.4	-35.98
75.9	-36.68
83.5	-36.61
91.2	-35.89
99.0	-36.06
106.9	-37.57
114.7	-37.38
122.6	-35.95
130.4	-35.21
138.3	-35.84
146.3	-36.37
154.5	-35.12
162.7	-38.00
171.1	-36.52
179.3	-36.57
187.6	-36.03
196.0	-35.73
204.5	-36.63
212.9	-36.24
221.6	-35.46
230.5	-37.42
239.6	-36.49
248.7	-36.18
257.8	-35.43
267.0	-36.79
276.2	-36.48
285.3	-36.13
294.6	-36.49
304.0	-35.45
313.6	-37.06
323.5	-37.91
333.4	-35.93
343.4	-35.93
353.3	-37.11
363.4	-36.52
373.7	-36.70
384.0	-35.11
394.4	-36.79
405.1	-37.67
416.0	-37.32
426.9	-36.24
437.9	-38.66
448.9	-35.49
460.0	-36.45
471.3	-36.36
482.6	-37.33
493.6	-38.28
504.3	-36.22
515.2	-35.90
526.0	-35.01
536.8	-36.59
547.5	-36.03
558.0	-36.37
568.5	-37.04
578.7	-35.70
588.6	-37.01
598.6	-35.71
608.9	-36.15
619.6	-36.26
630.4	-36.89
641.1	-36.08
651.7	-35.94
661.6	-36.34
669.7	-36.77
677.0	-36.73
689.5	-35.69
706.0	-36.16
720.5	-36.55
733.3	-36.59
745.2	-36.81
757.4	-35.62
769.7	-35.73
781.9	-36.45
793.7	-36.11
805.7	-37.36
817.6	-36.19
829.5	-36.51
841.3	-34.65
852.8	-35.86
864.1	-35.67
875.3	-37.66
886.5	-35.34
897.9	-36.13
909.4	-34.67
920.8	-36.70
932.6	-36.83
944.8	-36.01
957.1	-36.63
969.4	-37.11
981.7	-36.35
994.1	-34.98
1006.4	-36.21
1018.6	-37.08
1030.9	-36.01
1043.3	-36.14
1055.8	-36.58
1068.3	-36.99
1080.8	-36.87
1093.3	-36.20
1105.9	-35.77
1118.3	-36.56
1130.8	-37.40
1143.2	-36.22
1155.7	-35.15
1168.2	-37.01
1180.7	-36.09
1193.3	-35.49
1205.6	-36.15
1217.8	-36.27
1230.1	-36.08
1242.3	-36.28
1254.6	-35.67
1266.7	-35.48
1278.5	-35.34
1290.2	-37.32
1302.3	-36.41
1314.8	-36.92
1327.3	-36.54
1339.9	-36.92
1352.4	-35.86
1365.1	-36.24
1377.7	-36.81
1390.4	-35.54
1403.3	-36.25
1416.2	-33.56
1429.0	-35.89
1441.8	-35.41
1454.7	-36.29
1467.7	-36.26
1481.1	-37.87
1495.2	-36.53
1509.2	-36.23
1522.9	-35.66
1536.3	-35.90
1549.7	-35.18
1563.2	-36.36
1576.7	-36.79
1590.1	-35.43
1603.6	-35.32
1617.1	-35.55
1630.7	-37.71
1644.4	-36.55
1658.4	-36.10
1672.2	-36.08
1685.8	-36.87
1699.4	-36.30
1713.1	-34.62
1726.8	-35.50
1740.5	-34.81
1754.2	-36.30
1767.9	-36.73
1781.3	-36.42
1794.1	-36.95
1807.7	-35.55
1822.3	-35.15
1836.2	-34.37
1849.1	-35.97
1862.0	-35.41
1874.8	-36.06
1887.7	-36.47
1900.6	-35.34
1913.6	-34.65
1927.7	-36.22
1942.8	-35.48
1957.9	-37.09
1972.2	-36.41
1985.0	-35.85
1997.7	-36.26
2011.0	-37.04
2024.4	-36.23
2037.9	-36.56
2051.5	-35.38
2065.4	-36.21
2079.6	-35.72
2093.7	-36.29
2107.9	-35.74
2122.1	-36.24
2136.3	-36.38
2150.5	-36.82
2164.5	-36.19
2178.5	-36.00
2192.6	-36.37
2206.9	-36.25
2221.2	-34.71
2235.6	-35.96
2249.7	-36.55
2263.5	-34.81
2277.3	-34.81
2291.3	-37.37
2306.4	-36.55
2322.0	-35.33
2336.6	-34.53
2350.3	-35.80
2363.7	-36.00
2377.2	-37.77
2391.1	-35.08
2405.0	-34.71
2419.2	-36.44
2434.0	-36.53
2449.1	-35.61
2464.2	-36.25
2479.5	-36.47
2494.8	-36.01
2510.2	-35.25
2525.6	-35.29
2540.9	-35.32
2555.6	-36.37
2570.5	-34.22
2586.0	-37.19
2616.3	-36.73
2631.3	-35.64
2646.0	-36.37
2660.5	-37.78
2675.0	-36.38
2689.6	-35.91
2704.2	-36.20
2718.9	-36.31
2733.5	-35.84
2748.2	-35.19
2763.1	-35.90
2778.1	-35.67
2792.6	-36.67
2807.2	-37.54
2822.6	-37.02
2838.7	-35.96
2854.5	-34.94
2870.0	-37.16
2885.6	-35.98
2900.7	-35.74
2914.8	-36.47
2928.6	-35.41
2943.1	-35.84
2958.0	-36.37
2973.1	-35.93
2988.3	-36.16
3003.5	-37.13
3018.8	-35.51
3034.5	-36.93
3051.5	-37.32
3068.6	-36.11
3085.2	-34.99
3101.7	-35.73
3118.1	-35.80
3133.8	-35.57
3149.2	-35.81
3165.0	-36.65
3181.2	-35.38
3197.4	-37.83
3212.7	-36.86
3227.4	-36.05
3242.7	-35.21
3258.7	-36.19
3274.7	-36.34
3290.8	-35.91
3307.5	-36.70
3323.9	-36.03
3339.8	-35.93
3355.3	-36.38
3371.2	-34.85
3387.9	-36.90
3404.5	-35.60
3420.4	-35.59
3435.9	-37.00
3451.3	-36.26
3466.9	-35.51
3483.0	-35.93
3499.2	-36.41
3514.8	-36.71
3530.1	-36.93
3545.4	-36.78
3560.8	-36.39
3577.0	-34.92
3595.2	-36.36
3613.1	-36.71
3629.4	-37.00
3645.8	-36.28
3662.3	-36.75
3679.0	-35.88
3695.8	-35.06
3712.7	-35.88
3729.6	-36.67
3746.6	-36.26
3763.6	-35.38
3780.7	-36.29
3797.8	-34.87
3814.9	-35.49
3832.3	-35.14
3850.1	-36.57
3867.9	-36.46
3885.3	-37.77
3902.6	-35.46
3920.2	-36.48
3937.8	-35.79
3955.4	-35.28
3973.0	-36.19
3990.6	-36.57
4008.5	-37.65
4026.9	-37.30
4045.3	-35.86
4063.7	-35.81
4082.2	-36.39
4100.6	-37.00
4118.1	-36.53
4134.9	-35.57
4151.7	-36.19
4168.5	-35.53
4185.4	-34.94
4202.3	-35.87
4220.0	-36.38
4238.6	-37.01
4257.2	-36.43
4275.9	-36.62
4294.6	-36.20
4313.1	-37.23
4331.0	-36.03
4348.6	-36.08
4366.0	-36.33
4383.4	-35.47
4401.0	-36.17
4419.0	-37.06
4437.0	-35.65
4454.9	-36.16
4472.8	-34.98
4490.7	-36.80
4508.6	-36.30
4526.6	-35.78
4545.1	-36.68
4564.3	-36.09
4583.5	-35.59
4602.7	-36.85
4622.0	-36.71
4640.8	-37.16
4659.3	-37.47
4678.1	-37.41
4697.1	-36.23
4716.2	-35.34
4735.2	-35.08
4754.2	-36.48
4773.2	-36.89
4792.1	-36.43
4811.1	-36.35
4830.0	-35.55
4848.9	-37.13
4867.4	-36.34
4885.3	-36.51
4903.3	-35.05
4921.3	-34.97
4939.2	-36.70
4957.2	-35.66
4975.4	-35.62
4994.6	-37.44
5014.7	-37.52
5034.8	-36.83
5054.9	-35.96
5074.6	-36.54
5093.9	-36.06
5112.9	-36.23
5132.0	-36.84
5151.0	-37.90
5170.0	-36.58
5189.8	-36.72
5210.4	-37.68
5231.0	-37.70
5251.4	-36.83
5271.4	-37.54
5290.4	-36.41
5308.2	-36.41
5326.0	-36.10
5343.8	-36.28
5362.3	-35.51
5382.1	-37.18
5402.4	-36.50
5422.9	-36.84
5443.3	-36.31
5463.4	-37.03
5482.4	-35.81
5501.6	-36.27
5521.6	-36.95
5541.6	-37.49
5561.6	-37.50
5581.6	-37.56
5601.3	-36.98
5620.0	-35.48
5638.0	-36.95
5656.1	-36.20
5675.9	-35.67
5695.3	-35.95
5713.6	-36.93
5732.7	-37.55
5751.7	-36.06
5770.8	-37.64
5789.9	-37.41
5808.8	-36.49
5827.4	-37.29
5846.0	-36.10
5864.6	-37.21
5883.3	-36.62
5903.4	-36.17
5925.5	-35.70
5948.3	-36.43
5970.7	-37.07
5992.3	-37.21
6013.2	-36.05
6034.8	-37.58
6056.7	-36.25
6078.1	-37.31
6099.0	-36.65
6120.0	-37.21
6140.6	-36.47
6161.1	-37.17
6182.0	-36.09
6203.1	-36.46
6224.2	-36.52
6245.0	-34.63
6265.4	-36.36
6286.4	-36.79
6308.0	-37.76
6329.1	-36.94
6349.3	-37.26
6369.7	-36.25
6390.0	-37.82
6410.3	-36.63
6430.6	-35.31
6451.0	-35.87
6471.4	-37.27
6491.7	-36.67
6512.1	-37.41
6532.4	-36.95
6551.8	-35.54
6571.3	-36.78
6591.6	-36.79
6611.9	-36.39
6632.2	-35.97
6652.6	-36.27
6672.4	-36.70
6691.5	-36.21
6710.7	-36.95
6729.8	-36.20
6750.1	-36.66
6771.3	-38.34
6792.5	-37.30
6813.8	-37.43
6834.9	-36.50
6855.8	-35.92
6876.4	-37.56
6897.1	-38.20
6918.1	-36.74
6939.1	-36.66
6960.5	-37.00
6982.1	-37.27
7003.7	-37.69
7025.2	-37.43
7046.5	-36.99
7067.7	-36.24
7088.8	-37.28
7109.9	-37.38
7131.0	-37.74
7152.0	-36.14
7172.7	-36.87
7193.0	-37.62
7213.0	-37.06
7233.0	-36.51
7253.6	-37.57
7274.6	-36.18
7295.6	-36.70
7316.7	-37.94
7337.6	-36.70
7358.4	-37.89
7379.3	-35.79
7400.2	-36.47
7421.9	-37.69
7444.3	-37.13
7466.8	-37.40
7489.3	-37.08
7511.8	-36.38
7534.5	-37.28
7557.3	-37.32
7579.2	-36.94
7600.1	-36.93
7621.9	-37.32
7644.5	-37.22
7667.1	-37.49
7689.5	-38.19
7711.4	-37.03
7733.1	-36.82
7754.9	-37.55
7776.8	-37.45
7798.3	-37.07
7819.5	-38.20
7840.6	-36.61
7861.9	-37.97
7885.4	-36.25
7909.3	-37.20
7931.4	-36.42
7953.2	-37.81
7975.2	-37.34
7998.1	-38.01
8021.9	-37.91
8045.7	-37.26
8069.4	-37.38
8092.5	-37.78
8114.9	-36.62
8137.4	-36.71
8159.9	-37.17
8183.3	-37.02
8207.7	-36.85
8232.3	-37.84
8257.1	-36.70
8281.1	-36.91
8304.1	-36.32
8327.7	-37.88
8352.0	-37.22
8376.4	-37.57
8400.7	-37.23
8425.1	-37.28
8449.8	-36.17
8474.5	-36.82
8499.0	-36.80
8523.3	-36.56
8547.4	-37.03
8572.1	-38.28
8597.8	-37.04
8623.1	-36.04
8647.5	-36.71
8671.7	-37.63
8696.1	-37.00
8720.5	-37.19
8744.9	-37.20
8769.3	-36.17
8793.4	-36.51
8817.1	-37.43
8840.9	-36.21
8864.5	-37.01
8887.6	-37.58
8910.8	-36.15
8935.3	-36.25
8960.0	-36.85
8983.7	-36.46
9007.6	-37.39
9031.6	-36.98
9055.5	-36.90
9079.4	-36.24
9102.6	-36.81
9124.9	-36.35
9147.3	-36.38
9170.0	-36.75
9192.5	-36.32
9214.7	-37.51
9236.4	-35.53
9258.1	-35.38
9280.5	-36.15
9303.3	-36.86
9325.9	-36.21
9349.2	-37.50
9373.2	-36.54
9397.5	-37.64
9421.5	-35.61
9444.4	-36.63
9466.6	-36.59
9489.5	-36.48
9512.4	-37.42
9535.4	-35.99
9559.0	-36.78
9582.5	-37.02
9605.5	-36.06
9629.3	-36.94
9653.7	-36.13
9678.1	-36.52
9702.2	-37.42
9726.2	-36.50
9749.2	-37.34
9772.1	-37.27
9795.7	-36.68
9818.6	-35.73
9841.3	-36.82
9864.4	-36.84
9881.8	-36.64
9893.4	-36.20
9905.0	-36.54
9916.7	-38.02
9928.3	-35.54
9939.9	-35.69
9951.5	-35.80
9963.1	-37.19
9974.8	-35.99
9986.4	-36.60
9998.2	-37.80
10010.2	-37.06
10022.2	-36.80
10034.2	-37.08
10046.1	-35.45
10058.1	-36.33
10070.2	-37.18
10082.3	-37.06
10094.2	-36.25
10105.7	-37.09
10117.0	-38.18
10128.1	-36.90
10139.2	-36.48
10150.3	-36.46
10161.3	-36.35
10172.3	-36.07
10183.3	-36.01
10194.4	-37.80
10205.5	-36.45
10216.6	-37.77
10227.5	-36.43
10238.3	-36.41
10248.7	-36.18
10258.8	-37.31
10269.1	-36.69
10279.7	-36.44
10290.5	-36.92
10301.7	-36.13
10312.5	-38.14
10323.2	-36.46
10333.9	-35.47
10344.8	-36.59
10356.2	-36.49
10368.2	-36.64
10380.4	-37.98
10392.8	-36.38
10404.7	-37.52
10416.1	-36.65
10427.7	-36.28
10439.5	-36.94
10451.3	-36.74
10463.3	-36.96
10475.1	-37.32
10486.6	-36.06
10498.3	-35.90
10510.2	-36.33
10522.2	-37.17
10534.3	-35.98
10546.3	-35.39
10558.3	-37.73
10570.3	-35.69
10582.1	-34.89
10593.4	-36.72
10604.2	-36.50
10615.1	-36.49
10625.9	-36.78
10636.9	-37.58
10648.0	-37.31
10659.7	-38.25
10671.8	-37.36
10683.7	-38.54
10695.4	-36.67
10707.0	-35.55
10718.6	-37.05
10729.9	-36.08
10741.0	-36.96
10752.1	-36.12
10763.2	-36.31
10774.3	-36.64
10785.3	-37.53
10796.3	-36.67
10807.4	-36.64
10818.5	-35.89
10829.6	-36.91
10840.8	-35.66
10852.0	-37.55
10863.3	-37.54
10874.5	-36.30
10886.0	-38.77
10897.7	-37.03
10909.5	-36.99
10921.4	-35.96
10933.3	-36.47
10945.2	-35.58
10957.0	-36.10
10968.6	-36.13
10980.2	-37.76
10991.6	-36.33
11002.9	-35.89
11014.1	-35.45
11025.5	-36.95
11036.9	-37.25
11048.6	-36.32
11060.5	-36.86
11072.4	-38.15
11084.3	-36.82
11095.9	-37.13
11107.2	-36.85
11118.4	-36.56
11129.5	-36.23
11140.2	-36.56
11150.5	-35.59
11161.5	-37.72
11173.2	-36.99
11184.5	-37.19
11195.5	-36.94
11206.9	-37.11
11218.8	-37.69
11230.7	-37.92
11242.5	-36.84
11254.3	-36.34
11266.1	-36.58
11277.5	-36.19
11288.5	-36.57
11299.5	-37.44
11310.4	-36.73
11321.3	-35.75
11332.2	-35.49
11342.8	-37.41
11353.2	-36.38
11363.5	-36.86
11373.6	-36.20
11383.9	-36.52
11394.6	-35.99
11405.3	-35.88
11416.1	-36.33
11426.9	-37.15
11437.8	-36.64
11448.8	-35.95
11459.9	-36.06
11470.9	-37.50
11481.9	-36.05
11492.8	-36.57
11503.8	-35.72
11514.7	-36.48
11525.7	-36.60
11536.8	-34.21
11547.8	-35.99
11558.9	-37.88
11570.1	-37.06
11581.3	-36.75
11592.6	-35.91
11603.9	-36.20
11615.2	-36.64
11626.5	-36.34
11637.9	-37.40
11649.4	-36.72
11661.0	-35.88
11672.6	-37.81
11684.2	-37.44
11695.8	-36.39
11707.4	-35.88
11719.0	-35.93
11730.4	-36.00
11741.8	-37.32
11753.3	-36.37
11764.8	-36.25
11776.5	-36.83
11788.6	-37.21
11801.1	-36.22
11813.6	-36.84
11826.2	-38.27
11838.8	-37.49
11851.5	-36.45
11864.6	-38.12
11877.9	-37.61
11891.3	-37.13
11904.7	-37.11
11918.0	-37.48
11931.4	-36.97
11944.3	-36.43
11957.0	-36.92
11969.7	-35.14
11982.5	-37.38
11995.3	-36.62
12008.3	-38.31
12021.6	-37.31
12035.4	-37.93
12049.1	-38.18
12062.7	-36.63
12076.2	-36.31
12089.6	-36.78
12102.9	-37.55
12116.1	-37.25
12129.4	-38.00
12142.6	-36.61
12156.0	-37.78
12169.5	-37.98
12183.4	-38.80
12197.6	-36.78
12211.9	-38.56
12226.2	-37.56
12240.9	-38.05
12256.2	-38.70
12271.5	-38.94
12286.7	-37.83
12301.8	-37.43
12316.6	-38.33
12331.3	-37.81
12345.7	-38.22
12360.3	-36.85
12375.0	-37.41
12390.3	-38.65
12406.1	-38.30
12422.1	-38.49
12438.2	-38.58
12454.4	-38.67
12470.8	-37.94
12487.4	-37.92
12504.1	-38.57
12520.9	-38.18
12537.6	-38.68
12554.5	-39.44
12571.4	-38.23
12588.4	-37.96
12605.4	-38.52
12622.6	-38.37
12640.0	-38.76
12657.5	-38.52
12675.0	-39.57
12693.3	-39.77
12712.5	-38.24
12731.7	-37.53
12750.9	-38.91
12770.3	-38.36
12789.7	-38.40
12809.5	-38.44
12819.6	-38.85
12848.2	-38.91
12856.5	-39.30
12919.7	-38.29
12944.1	-37.73
12961.8	-39.47
12979.4	-38.54
12996.6	-38.53
13013.8	-37.43
13030.9	-38.74
13048.7	-38.55
13067.3	-39.18
13085.4	-37.73
13103.1	-38.50
13120.9	-37.50
13138.7	-38.76
13156.7	-39.52
13174.8	-39.08
13192.8	-37.86
13210.7	-38.23
13228.6	-39.28
13246.5	-38.64
13264.5	-39.39
13282.5	-37.75
13300.6	-38.54
13318.8	-39.54
13337.0	-39.60
13355.3	-37.75
13373.5	-37.83
13391.5	-38.11
13409.1	-38.98
13426.3	-38.68
13443.8	-37.48
13461.4	-38.95
13478.9	-38.31
13496.3	-38.91
13513.9	-38.80
13531.7	-39.60
13549.0	-38.42
13565.9	-38.25
13583.0	-39.17
13600.2	-37.58
13618.6	-38.55
13638.1	-37.74
13657.6	-38.39
13677.0	-37.88
13695.7	-38.83
13713.5	-39.02
13730.8	-38.20
13747.4	-38.38
13764.6	-38.23
13782.4	-38.89
13801.2	-38.41
13820.9	-38.93
13839.9	-38.17
13858.2	-38.49
13876.2	-37.88
13894.0	-38.36
13911.7	-38.02
13929.3	-38.86
13955.4	-37.93
13981.5	-37.68
13999.1	-38.66
14017.1	-37.94
14026.2	-38.57
14063.2	-38.75
14100.1	-38.23
14136.7	-38.30
14172.5	-38.10
14181.2	-37.94
14198.7	-37.58
14216.2	-37.95
14233.6	-37.43
14251.0	-37.14
14268.4	-36.96
14285.8	-36.79
14303.5	-37.73
14321.6	-37.33
14339.8	-36.95
14358.2	-37.75
14376.1	-37.14
14393.6	-38.31
14410.9	-37.57
14428.2	-37.39
14445.2	-37.57
14461.9	-37.70
14479.1	-36.51
14496.8	-36.45
14514.7	-37.84
14532.8	-37.41
14551.0	-37.07
14569.2	-37.65
14587.0	-37.28
14604.3	-37.57
14621.8	-37.35
14639.3	-38.05
14657.1	-37.48
14675.0	-37.62
14693.4	-37.18
14712.2	-38.07
14731.2	-38.37
14750.2	-39.05
14769.7	-38.78
14789.8	-38.69
14809.8	-38.20
14829.9	-37.48
14849.9	-38.92
14869.8	-36.82
14890.1	-38.48
14910.7	-38.86
14930.6	-38.06
14949.5	-37.62
14969.3	-38.43
14990.0	-39.00
15009.7	-38.45
15028.4	-37.84
15048.2	-38.98
15069.2	-38.50
15090.6	-38.40
15112.6	-38.06
15134.0	-37.94
15154.9	-38.39
15175.8	-38.26
15196.6	-37.81
15218.1	-38.00
15240.0	-38.44
15262.0	-38.77
15284.0	-38.61
15306.4	-38.31
15329.3	-39.25
15352.8	-39.19
15377.0	-39.66
15413.6	-38.72
15462.9	-39.01
15513.5	-38.59
15617.2	-38.79
15722.3	-38.74
15775.4	-39.00
15828.5	-38.83
15880.8	-38.20
15932.8	-38.81
15985.8	-39.05
16039.1	-39.36
16094.1	-38.98
16152.5	-39.21
16213.9	-39.59
16277.3	-39.47
16341.4	-39.46
16406.6	-39.86
16472.3	-39.71
16537.1	-39.89
16601.0	-39.02
16663.5	-39.22
16725.5	-39.84
16789.3	-39.61
16856.7	-40.59
16926.4	-40.05
16996.5	-40.81
17066.8	-39.85
17137.1	-40.58
17208.6	-40.68
17280.7	-40.54
17352.4	-40.00
17426.4	-41.51
17502.3	-40.28
17575.9	-40.35
17654.5	-41.16
17732.4	-40.84
17805.9	-41.09
17881.9	-40.95
17958.5	-40.97
18036.7	-41.28
18117.7	-41.57
18200.3	-41.32
18282.3	-41.32
18363.2	-41.18
18443.1	-40.90
18522.4	-41.73
18602.7	-41.63
18681.5	-40.16
18758.8	-41.63
18841.7	-41.52
18930.0	-41.58
19018.0	-41.42
19104.8	-40.91
19191.9	-41.59
19279.2	-41.17
19367.5	-41.19
19457.5	-41.07
19549.9	-41.38
19644.4	-41.37
19742.0	-41.00
19843.3	-41.20
19944.9	-41.60
20043.6	-41.76
20140.4	-40.93
20235.3	-41.88
20327.9	-40.90
20421.3	-41.42
20516.2	-41.28
20606.3	-41.15
20693.9	-41.18
20786.6	-40.90
20880.9	-41.50
20974.6	-41.82
21067.4	-41.44
21160.2	-41.49
21253.9	-41.50
21348.3	-41.64
21443.4	-41.27
21537.0	-41.54
21628.3	-41.84
21719.5	-41.70
21811.3	-41.54
21903.6	-41.80
22087.2	-41.03
22178.4	-41.95
22269.5	-41.13
22359.4	-41.19
22448.0	-40.83
22536.1	-41.24
22625.2	-41.11
22715.4	-41.30
22806.8	-41.34
22898.4	-41.19
22989.7	-41.28
23081.6	-41.55
23175.0	-41.25
23363.5	-41.35
23456.8	-41.17
23550.3	-41.24
23643.5	-40.52
23736.1	-41.39
23831.9	-41.39
23930.0	-40.93
24029.4	-41.80
24127.4	-41.92
24227.3	-41.35
24328.5	-41.06
24426.9	-41.19
24529.9	-41.63
24635.9	-41.29
24740.8	-41.71
24844.8	-41.47
24946.3	-41.17
25050.1	-41.23
25158.5	-41.25
25266.4	-41.49
25371.9	-41.08
25476.9	-41.74
25582.7	-41.52
25686.1	-41.75
25788.8	-41.88
25897.5	-41.31
26006.7	-40.92
26113.6	-41.56
26222.9	-41.54
26333.3	-41.45
26442.8	-41.83
26549.5	-41.20
26654.6	-41.43
26764.6	-41.65
26881.2	-41.85
26996.8	-41.43
27112.9	-41.79
27233.6	-41.89
27351.6	-41.75
27458.3	-41.65
27556.0	-40.91
27655.2	-40.47
27760.3	-41.54
27872.2	-41.45
27982.0	-40.92
28084.5	-40.97
28186.7	-41.00
28292.2	-41.55
28400.5	-41.69
28505.3	-41.62
28603.8	-41.79
28701.8	-41.21
28801.0	-40.97
28897.3	-41.16
28989.7	-40.55
29078.9	-41.17
29167.0	-40.86
29255.4	-41.03
29344.7	-41.25
29524.7	-41.11
29609.1	-41.18
29690.9	-41.10
29773.4	-41.10
29857.9	-41.22
29942.8	-41.03
30026.1	-40.85
30108.6	-41.42
30197.2	-41.71
30308.1	-41.78
30427.6	-41.46
30531.2	-41.90
30620.4	-41.31
30702.3	-41.28
30782.8	-41.96
30862.8	-41.54
30947.9	-41.31
31035.2	-42.21
31123.1	-41.85
31213.9	-41.46
31307.4	-41.01
31404.4	-41.72
31499.8	-41.62
31605.5	-41.65
31723.2	-41.53
31842.5	-41.83
31964.4	-41.44
32085.9	-41.36
32207.5	-40.92
32332.2	-40.81
32454.7	-41.36
32567.6	-41.33
32680.7	-41.08
32790.2	-41.16
32885.9	-41.03
32977.8	-41.29
33070.8	-41.15
33164.7	-41.38
33258.8	-41.31
33352.3	-42.46
33440.8	-41.94
33523.5	-40.72
33607.3	-41.17
33695.1	-40.37
33783.2	-41.09
33872.4	-40.79
33970.0	-40.66
34071.4	-41.30
34170.9	-41.02
34269.2	-40.62
34368.7	-41.14
34473.5	-41.28
34575.4	-41.09
34667.6	-41.14
34759.0	-41.22
34849.8	-41.60
34935.1	-40.95
35018.2	-41.23
35099.8	-41.23
35178.5	-40.84
35255.0	-41.12
35330.8	-40.63
35405.5	-40.72
35480.2	-40.71
35559.0	-40.41
35640.5	-40.68
35721.7	-40.75
35798.7	-40.32
35875.4	-40.42
35952.7	-40.66
36028.1	-40.87
36108.2	-40.34
36185.5	-40.74
36257.8	-41.06
36334.1	-40.79
36410.7	-41.43
36486.1	-41.20
36562.1	-41.59
36637.2	-41.36
36710.0	-40.86
36783.0	-40.90
36859.4	-40.73
36935.4	-40.88
37008.4	-40.65
37062.7	-41.04
37099.1	-41.78
37135.4	-40.67
37171.5	-41.27
37207.6	-40.98
37243.5	-41.05
37281.9	-40.70
37322.8	-40.79
37362.6	-41.87
37401.4	-41.39
37440.2	-40.93
37478.9	-40.64
37519.0	-41.44
37560.4	-41.30
37601.3	-40.59
37641.9	-40.45
37682.0	-40.78
37721.6	-40.57
37760.8	-40.35
37799.7	-40.43
37838.3	-40.66
37876.8	-40.33
37915.8	-40.50
37955.5	-39.98
37995.2	-40.92
38034.9	-39.94
38074.4	-40.89
38113.7	-39.66
38152.3	-39.68
38190.3	-40.17
38228.7	-39.21
38267.6	-39.82
38305.9	-39.22
38343.8	-40.05
38381.5	-39.87
38419.1	-39.81
38456.1	-40.00
38492.6	-40.39
38529.2	-39.67
38565.8	-40.68
38602.2	-40.23
38638.3	-39.91
38674.3	-40.22
38710.1	-40.06
38746.2	-40.59
38782.6	-40.83
38818.6	-39.72
38854.1	-40.48
38888.8	-40.08
38922.8	-40.90
38956.4	-39.96
38989.6	-39.85
39023.1	-40.76
39057.1	-41.09
39089.0	-40.80
39118.9	-40.78
39150.6	-40.35
39184.3	-40.04
39218.5	-40.04
39253.2	-39.74
39288.1	-40.34
39323.2	-40.89
39358.5	-40.27
39394.1	-39.85
39429.6	-41.19
39465.1	-40.56
39500.9	-40.54
39537.1	-40.58
39573.5	-40.95
39610.2	-40.94
39646.7	-41.40
39683.2	-41.41
39719.8	-40.80
39756.5	-41.19
39793.1	-41.08
39829.8	-41.56
39867.6	-41.97
39906.5	-40.90
39946.5	-41.91
39987.7	-41.13
40029.6	-41.94
40072.4	-41.87
40114.2	-41.63
40155.2	-40.27
40196.4	-41.11
40237.8	-40.48
40279.8	-40.98
40322.6	-41.10
40363.2	-41.45
40401.9	-40.62
40443.5	-41.14
40488.1	-41.20
40532.1	-41.21
40575.5	-41.10
40614.5	-40.36
40649.2	-41.29
40688.9	-41.72
40733.8	-41.07
40780.3	-41.22
40828.3	-41.69
40873.8	-41.10
40916.7	-41.04
40959.0	-41.38
41000.6	-41.72
41040.7	-41.92
41079.3	-41.49
41116.3	-41.55
41151.6	-40.61
41187.8	-41.39
41225.0	-41.40
41262.0	-41.16
41298.7	-41.08
41335.5	-41.05
41372.3	-40.31
41408.7	-40.60
41444.8	-41.16
41480.6	-40.69
41516.2	-40.87
41551.8	-40.09
41587.4	-40.42
41623.3	-41.06
41659.5	-40.55
41696.1	-40.94
41733.2	-41.07
41770.8	-40.39
41809.0	-40.65
41848.0	-41.63
41887.8	-41.07
41927.4	-40.80
41966.8	-41.20
42005.0	-41.03
42041.9	-40.72
42079.3	-40.85
42117.4	-41.59
42157.2	-41.37
42198.6	-41.67
42239.3	-41.28
42279.3	-41.28
42319.4	-42.01
42359.5	-41.06
42400.2	-41.71
42441.3	-40.64
42482.0	-41.00
42522.1	-41.31
42563.1	-40.68
42605.2	-40.16
42647.5	-40.46
42690.1	-41.13
42734.8	-40.89
42781.6	-40.93
42824.0	-40.77
42862.1	-40.94
42899.7	-40.42
42937.1	-40.88
42976.4	-41.31
43017.7	-40.70
43058.4	-40.12
43098.6	-39.81
43139.3	-40.55
43180.5	-40.51
43221.9	-40.62
43263.6	-40.87
43305.2	-40.69
43346.7	-39.64
43388.0	-39.66
43428.9	-40.51
43469.4	-40.54
43509.7	-40.47
43550.3	-39.74
43591.0	-40.50
43631.8	-41.05
43672.5	-40.09
43713.5	-41.06
43755.0	-40.38
43796.3	-40.89
43837.6	-40.48
43878.5	-40.66
43918.9	-40.20
43959.2	-40.30
43999.4	-40.56
44039.6	-40.72
44079.9	-40.83
44120.6	-40.88
44161.7	-40.57
44201.0	-40.49
44238.5	-40.62
44274.7	-40.39
44309.5	-40.97
44345.1	-41.11
44381.4	-41.03
44417.9	-41.45
44454.5	-40.37
44491.5	-40.74
44529.0	-40.50
44568.4	-40.31
44609.7	-40.96
44650.7	-40.73
44691.5	-41.43
44731.5	-41.03
44770.7	-40.63
44809.4	-40.52
44847.5	-40.83
44887.8	-41.23
44930.3	-41.77
44970.8	-40.50
45009.3	-39.96
45046.8	-40.29
45083.3	-40.35
45122.0	-40.40
45162.9	-40.60
45203.7	-41.12
45244.6	-40.54
45285.1	-40.55
45325.2	-40.03
45365.4	-40.30
45405.6	-40.56
45445.7	-40.26
45485.5	-40.76
45524.2	-39.77
45561.8	-39.70
45620.8	-39.97
45704.0	-39.82
45767.1	-40.79
45807.7	-38.88
45848.6	-40.26
45889.8	-40.10
45931.2	-39.53
45972.8	-40.28
46014.5	-40.18
46056.6	-39.36
46097.7	-39.54
46137.9	-40.05
46178.4	-40.22
46219.1	-39.73
46259.6	-39.57
46299.9	-39.11
46340.7	-39.33
46382.0	-38.99
46424.4	-39.19
46467.8	-39.26
46511.5	-38.82
46555.5	-39.62
46600.0	-38.66
46645.2	-39.04
46688.7	-39.02
46730.7	-39.11
46771.7	-39.10
46811.9	-39.05
46852.2	-38.81
46892.6	-38.65
46933.0	-39.02
46973.3	-39.33
47015.6	-39.54
47059.9	-39.14
47103.3	-39.06
47146.0	-38.41
47186.9	-39.12
47226.1	-38.93
47265.9	-39.58
47306.2	-39.20
47347.0	-39.67
47388.4	-39.24
47429.1	-39.54
47469.0	-39.40
47509.3	-39.78
47550.1	-39.23
47590.6	-40.02
47630.7	-39.48
47670.6	-39.67
47710.3	-39.30
47751.1	-39.80
47792.9	-40.06
47834.9	-39.96
47877.1	-39.79
47918.6	-38.90
47959.3	-39.42
48000.7	-39.58
48042.6	-39.78
48085.4	-40.13
48129.1	-39.81
48172.2	-38.94
48214.7	-40.10
48254.8	-39.94
48292.3	-40.42
48332.4	-39.76
48375.1	-40.56
48421.4	-40.38
48471.2	-40.31
48519.5	-40.36
48566.1	-39.95
48613.4	-39.84
48661.5	-40.20
48710.3	-40.39
48759.8	-40.37
48809.2	-40.50
48858.4	-39.75
48912.0	-40.33
48969.9	-39.87
49031.1	-40.53
49095.8	-39.89
49158.6	-40.00
49219.4	-39.76
49279.9	-39.79
49340.2	-39.73
49398.9	-40.26
49456.1	-39.89
49511.2	-39.70
49564.2	-40.04
49617.1	-39.91
49669.9	-39.72
49722.3	-39.60
49774.2	-39.31
49826.2	-40.36
49878.2	-39.61
49957.0	-39.61
50036.8	-39.80
50091.0	-40.27
50146.5	-40.02
50203.4	-40.63
50258.1	-40.01
50310.6	-40.50
50363.2	-40.02
50415.9	-39.81
50468.8	-39.74
50522.2	-39.85
50575.7	-39.76
50629.3	-39.99
50685.0	-40.19
50742.7	-39.85
50801.3	-40.32
50860.9	-40.13
50920.0	-39.64
50978.7	-40.06
51038.5	-40.31
51099.5	-39.96
51162.4	-40.27
51227.3	-40.08
51292.8	-39.52
51358.8	-39.86
51425.2	-39.78
51492.1	-40.27
51559.6	-39.77
51627.7	-40.58
51694.7	-40.22
51760.6	-39.48
51823.5	-39.96
51883.4	-40.21
51941.0	-39.72
51996.3	-39.47
52053.8	-39.29
52113.4	-39.67
52173.7	-39.77
52234.6	-39.54
52294.6	-39.73
52353.6	-39.14
52412.7	-39.91
52471.7	-39.35
52531.1	-39.81
52590.8	-39.56
52653.7	-40.01
52719.8	-39.83
52786.1	-39.29
52852.6	-39.70
52918.1	-39.57
52982.5	-39.43
53049.6	-40.16
53119.2	-39.37
53192.8	-39.80
53270.2	-39.54
53349.1	-39.53
53389.4	-39.78
53553.1	-39.40
53718.8	-39.12
53760.1	-39.32
53841.5	-38.93
53921.7	-39.14
54003.2	-39.07
54086.0	-39.21
54167.5	-39.29
54247.6	-38.73
54324.2	-39.19
54397.4	-39.24
54470.9	-39.21
54544.6	-39.40
54620.3	-39.23
54697.8	-39.49
54772.7	-39.44
54845.0	-39.64
54911.5	-39.29
54972.4	-40.05
55032.4	-39.52
55091.4	-39.91
55150.1	-39.27
55208.3	-39.71
55270.5	-39.37
55336.7	-39.79
55404.7	-39.85
55439.7	-39.80
55588.2	-40.36
55743.2	-39.78
55893.0	-39.40
55929.6	-39.31
56003.5	-39.42
56078.0	-39.89
56154.1	-39.77
56231.7	-40.02
56311.1	-40.23
56392.0	-40.14
56474.5	-40.20
56558.3	-40.48
56643.6	-40.76
56730.5	-40.78
56817.5	-40.92
56904.6	-40.88
56989.7	-40.29
57072.9	-40.18
57152.4	-39.59
57228.0	-40.02
57307.5	-40.42
57390.6	-39.58
57467.5	-40.21
57538.1	-39.46
57605.9	-39.49
57671.1	-40.54
57740.8	-40.09
57814.9	-39.58
57890.2	-39.31
57966.5	-39.75
58043.2	-39.69
58120.3	-39.49
58197.4	-39.47
58274.5	-39.69
58355.7	-38.85
58440.9	-39.09
58524.3	-39.36
58606.0	-38.96
58676.8	-39.61
58736.8	-40.15
58801.0	-39.44
58869.3	-39.19
58937.4	-38.93
59005.2	-39.12
59071.9	-38.85
59137.4	-38.45
59203.9	-38.92
59271.2	-38.94
59350.1	-38.90
59440.5	-39.49
59527.6	-38.65
59611.4	-38.58
59690.9	-39.03
59766.2	-38.94
59841.7	-38.90
59917.4	-39.01
59994.5	-39.28
60072.7	-39.18
60151.6	-38.71
60230.9	-39.08
60310.8	-39.27
60391.1	-39.14
60469.9	-39.62
60547.0	-38.78
60621.4	-39.34
60693.1	-38.99
60765.8	-39.09
60839.5	-39.40
60914.7	-39.73
60991.2	-39.20
61067.1	-39.56
61142.4	-39.63

