#Age	d18O
#(yr BP)	(‰)
33.7	-50.12
42.2	-49.16
50.8	-48.14
59.7	-50.35
68.9	-50.94
78.1	-50.60
87.5	-50.52
97.2	-51.07
106.9	-49.97
116.8	-50.89
126.8	-51.60
136.9	-50.45
147.0	-50.81
157.3	-49.98
167.7	-50.62
177.9	-51.07
188.2	-51.72
198.5	-50.11
209.0	-52.51
219.6	-50.22
230.3	-49.92
241.3	-49.86
252.5	-50.44
263.8	-50.70
275.3	-51.70
287.1	-50.98
299.0	-50.72
310.9	-51.68
322.9	-51.17
334.9	-51.26
347.2	-50.64
359.8	-51.50
372.4	-51.56
385.1	-51.89
397.9	-51.00
410.7	-50.55
423.3	-50.58
435.8	-51.93
448.3	-50.50
460.9	-50.49
473.5	-51.06
486.2	-51.24
499.1	-50.23
512.1	-52.52
525.2	-51.03
538.2	-50.94
551.3	-49.54
564.4	-50.14
577.5	-51.18
590.3	-49.53
603.2	-51.20
615.2	-51.18
628.6	-49.33
642.8	-49.82
657.6	-50.43
671.6	-51.31
684.6	-51.06
696.8	-51.10
709.3	-51.02
724.9	-51.49
739.6	-51.68
754.3	-51.58
769.7	-50.70
784.4	-50.82
797.9	-50.44
811.4	-50.65
824.4	-50.24
837.1	-49.93
849.7	-49.70
862.7	-49.57
876.2	-51.58
889.6	-50.27
903.6	-51.79
918.0	-49.99
932.4	-51.45
947.0	-51.04
961.7	-51.16
976.1	-51.28
988.6	-50.41
1003.3	-51.06
1018.2	-50.98
1032.8	-51.55
1045.3	-50.61
1058.3	-49.76
1071.7	-50.36
1085.3	-51.06
1100.9	-51.20
1117.3	-50.17
1133.5	-51.09
1148.7	-49.60
1163.5	-51.35
1178.0	-50.90
1192.5	-49.91
1207.1	-49.89
1221.7	-50.10
1236.3	-51.15
1251.3	-50.29
1265.8	-50.31
1281.5	-50.30
1297.2	-50.80
1313.0	-50.77
1328.8	-49.77
1344.4	-50.47
1360.0	-50.00
1374.7	-50.90
1391.9	-49.43
1408.6	-50.25
1421.6	-50.89
1435.2	-50.76
1449.7	-51.00
1465.6	-51.03
1482.3	-50.98
1498.9	-49.87
1515.4	-51.44
1530.1	-50.93
1544.8	-50.99
1559.5	-50.65
1575.0	-50.03
1592.6	-51.38
1610.2	-50.48
1628.1	-50.38
1646.2	-51.65
1662.2	-51.30
1678.2	-50.27
1696.0	-51.61
1714.3	-50.43
1729.5	-50.47
1745.1	-51.28
1762.3	-51.11
1779.4	-50.64
1796.2	-50.55
1813.6	-50.16
1831.2	-51.68
1847.5	-50.68
1863.7	-51.41
1880.3	-51.45
1896.4	-50.20
1912.5	-51.44
1928.8	-49.36
1945.1	-50.68
1962.7	-50.65
1981.0	-50.89
1998.1	-50.56
2013.6	-50.77
2029.4	-51.29
2045.6	-51.34
2064.5	-50.33
2083.5	-51.36
2102.3	-49.56
2121.0	-51.17
2138.6	-51.13
2156.3	-50.30
2173.1	-51.10
2190.1	-50.86
2208.0	-51.46
2226.3	-51.04
2243.9	-50.89
2277.9	-49.96
2295.1	-50.31
2312.6	-50.82
2330.1	-50.38
2347.8	-52.07
2365.0	-51.68
2382.7	-50.99
2400.6	-51.17
2417.9	-51.28
2435.3	-52.22
2452.6	-51.22
2470.1	-50.53
2489.3	-51.03
2508.0	-51.04
2526.3	-50.28
2544.1	-50.85
2561.7	-49.87
2579.2	-50.64
2596.8	-50.23
2614.1	-50.94
2631.4	-50.26
2648.7	-49.78
2666.3	-50.29
2683.5	-50.47
2700.5	-51.01
2718.2	-50.50
2735.5	-51.27
2754.2	-49.59
2772.9	-49.89
2791.0	-49.91
2809.1	-49.90
2826.5	-50.48
2843.8	-49.63
2861.0	-49.79
2879.0	-49.59
2897.7	-50.50
2916.4	-51.17
2935.1	-51.60
2953.8	-50.09
2972.5	-50.42
2991.7	-50.77
3011.4	-51.24
3031.1	-50.58
3050.4	-51.07
3069.3	-50.71
3088.2	-50.57
3106.9	-50.64
3125.2	-50.18
3160.5	-49.46
3178.9	-51.71
3197.3	-51.17
3216.0	-51.64
3235.2	-50.18
3254.4	-51.20
3273.2	-51.98
3291.8	-50.28
3312.1	-51.09
3332.0	-51.41
3351.8	-50.03
3370.3	-50.99
3389.2	-51.75
3408.3	-50.66
3427.4	-50.85
3446.2	-50.88
3464.8	-50.72
3483.4	-50.53
3501.7	-50.31
3520.2	-51.50
3538.7	-49.70
3557.3	-50.46
3576.3	-50.91
3595.6	-50.56
3615.0	-51.01
3634.6	-49.88
3654.1	-49.96
3673.3	-50.42
3691.8	-50.02
3710.4	-49.99
3728.8	-51.44
3747.2	-49.54
3765.6	-49.63
3784.5	-51.79
3804.0	-49.70
3825.3	-50.65
3845.1	-50.22
3864.5	-51.32
3883.5	-51.31
3902.1	-49.93
3920.6	-50.61
3939.6	-50.85
3958.8	-50.62
3978.1	-50.85
3997.6	-50.18
4017.3	-51.14
4036.5	-51.07
4055.8	-49.91
4075.1	-49.97
4094.6	-51.36
4114.0	-49.67
4133.5	-49.82
4153.2	-50.82
4172.9	-50.75
4192.6	-50.31
4212.1	-50.03
4231.2	-51.83
4249.7	-49.96
4267.9	-49.49
4287.0	-50.47
4307.7	-49.40
4326.8	-50.86
4345.9	-51.31
4365.1	-50.46
4384.3	-50.22
4403.5	-50.45
4422.6	-50.83
4441.7	-51.17
4460.8	-50.23
4479.5	-49.51
4497.8	-50.86
4516.0	-50.00
4535.4	-51.07
4555.7	-50.86
4576.1	-51.23
4596.2	-50.44
4616.1	-50.41
4635.7	-49.99
4653.9	-50.88
4672.6	-50.64
4692.2	-50.62
4711.9	-50.72
4731.7	-49.84
4751.5	-50.91
4771.6	-51.38
4792.0	-50.85
4812.4	-50.82
4832.8	-51.24
4853.0	-50.73
4873.5	-49.94
4893.5	-50.38
4912.9	-50.53
4932.3	-50.49
4951.9	-50.14
4971.7	-49.86
4991.6	-50.93
5011.7	-51.00
5032.0	-50.54
5052.3	-50.67
5072.7	-50.24
5093.1	-51.33
5114.0	-50.47
5134.6	-50.56
5154.8	-50.12
5175.0	-50.04
5195.2	-50.05
5215.3	-50.35
5235.5	-50.77
5255.4	-50.56
5276.1	-51.75
5296.9	-50.74
5317.3	-49.85
5337.4	-50.46
5357.5	-49.86
5377.3	-50.61
5397.0	-50.42
5416.7	-50.16
5437.7	-52.12
5460.1	-51.23
5479.9	-51.41
5498.4	-50.56
5516.7	-51.56
5535.0	-52.20
5552.6	-51.06
5571.8	-50.48
5591.6	-49.54
5611.6	-50.65
5631.6	-50.49
5651.5	-51.11
5670.7	-50.57
5689.4	-50.54
5708.2	-51.11
5726.6	-50.07
5744.7	-51.01
5762.8	-49.35
5780.6	-51.17
5798.1	-49.80
5815.6	-49.76
5833.1	-51.20
5850.7	-50.14
5868.3	-49.96
5886.5	-50.15
5906.3	-50.80
5927.6	-51.11
5949.4	-51.02
5971.7	-51.70
5994.0	-50.88
6015.5	-50.02
6036.2	-50.55
6057.0	-50.83
6077.9	-51.12
6099.2	-50.36
6120.5	-50.05
6141.6	-51.60
6162.6	-49.80
6183.6	-51.25
6204.7	-50.95
6225.9	-50.89
6247.1	-50.42
6268.5	-51.01
6287.8	-51.37
6308.7	-50.35
6329.6	-50.70
6350.6	-51.54
6371.2	-51.72
6391.9	-50.62
6412.9	-51.53
6433.9	-51.11
6454.6	-50.79
6475.8	-49.92
6495.1	-50.48
6514.9	-51.65
6535.5	-51.44
6556.5	-49.77
6576.2	-50.84
6595.6	-51.54
6615.1	-51.18
6634.8	-52.15
6655.0	-50.63
6676.1	-51.57
6697.1	-51.97
6717.2	-50.01
6737.4	-50.06
6757.9	-50.51
6778.7	-51.47
6799.6	-51.34
6820.3	-51.16
6840.9	-51.24
6861.5	-50.88
6881.2	-49.92
6900.1	-50.44
6918.9	-49.65
6938.6	-50.97
6959.2	-51.06
6979.8	-51.25
7000.3	-50.85
7020.7	-50.79
7040.5	-51.62
7062.0	-51.01
7084.0	-50.87
7105.3	-51.23
7126.4	-51.34
7147.6	-50.84
7168.8	-51.63
7189.0	-52.63
7210.0	-51.42
7230.7	-51.16
7251.9	-51.66
7273.4	-51.42
7295.0	-51.61
7315.5	-50.76
7334.9	-49.67
7354.3	-50.94
7374.9	-51.93
7396.8	-51.13
7418.3	-51.73
7438.5	-51.57
7458.5	-50.46
7478.8	-51.43
7498.9	-51.61
7519.7	-51.01
7540.6	-50.31
7560.8	-51.09
7580.7	-49.76
7600.9	-50.83
7621.6	-49.77
7642.8	-51.34
7664.0	-51.72
7684.4	-50.87
7704.4	-50.51
7724.3	-49.92
7744.3	-51.65
7764.2	-51.16
7784.0	-49.75
7804.0	-49.92
7824.0	-51.95
7844.0	-51.21
7864.2	-51.40
7885.6	-51.44
7906.6	-50.57
7927.1	-50.01
7947.4	-50.76
7967.8	-51.06
7988.6	-51.12
8008.9	-51.34
8029.2	-51.17
8049.9	-51.96
8070.9	-51.09
8090.9	-52.79
8113.1	-51.13
8134.7	-50.76
8156.2	-51.46
8176.9	-51.77
8199.8	-52.31
8220.6	-52.24
8243.0	-51.22
8263.6	-51.58
8286.4	-50.83
8306.6	-51.20
8327.3	-51.44
8349.4	-51.26
8372.1	-51.26
8395.5	-52.03
8417.1	-51.66
8438.1	-51.82
8459.8	-51.47
8481.6	-51.00
8503.0	-50.79
8524.1	-50.83
8545.2	-52.39
8566.6	-50.82
8588.0	-49.95
8609.4	-50.88
8629.5	-51.25
8649.1	-50.23
8668.7	-51.20
8688.6	-51.11
8708.8	-50.81
8729.1	-51.43
8749.3	-51.41
8769.6	-50.91
8789.1	-51.30
8807.6	-50.53
8826.5	-51.79
8845.3	-51.51
8863.9	-50.88
8882.0	-50.50
8901.9	-50.96
8921.7	-50.69
8941.6	-50.77
8961.5	-51.00
8981.4	-50.04
9001.2	-50.28
9021.4	-51.29
9041.8	-50.62
9062.2	-50.76
9080.9	-50.57
9101.3	-50.97
9122.0	-50.51
9142.5	-50.62
9162.0	-52.09
9179.8	-51.56
9197.5	-50.13
9216.2	-51.10
9235.5	-49.96
9254.8	-49.66
9274.7	-50.36
9295.2	-50.77
9315.2	-51.36
9332.9	-50.21
9351.3	-50.27
9370.5	-50.34
9389.5	-50.51
9408.3	-50.14
9427.1	-50.20
9445.5	-49.85
9480.5	-49.74
9498.8	-50.41
9518.2	-51.69
9537.5	-50.29
9556.4	-50.95
9574.7	-50.05
9593.0	-50.49
9611.2	-49.30
9629.4	-50.08
9647.6	-50.91
9665.5	-50.13
9683.2	-50.41
9701.5	-49.08
9719.7	-50.07
9738.8	-49.95
9757.8	-49.63
9775.7	-49.99
9794.0	-48.91
9814.7	-49.53
9834.8	-51.94
9854.2	-50.06
9873.3	-50.17
9891.9	-51.19
9910.2	-49.62
9928.1	-50.55
9946.7	-49.93
9965.7	-50.48
9984.7	-50.81
10002.4	-49.63
10020.3	-50.36
10039.2	-50.40
10058.6	-49.94
10078.6	-49.72
10097.8	-50.00
10116.9	-49.65
10135.3	-50.81
10153.6	-49.84
10171.9	-48.89
10190.0	-49.43
10208.2	-49.71
10226.6	-50.16
10245.1	-49.77
10263.5	-50.14
10281.7	-50.68
10298.9	-51.06
10316.1	-49.50
10333.8	-49.99
10351.7	-50.01
10369.8	-49.82
10388.4	-51.15
10407.6	-49.68
10427.1	-50.89
10445.7	-50.25
10464.2	-50.32
10483.2	-50.98
10501.4	-49.65
10519.3	-49.42
10537.2	-49.01
10554.8	-49.58
10572.4	-49.80
10592.5	-48.06
10611.7	-50.59
10631.3	-49.88
10650.0	-50.16
10668.3	-50.42
10686.4	-50.34
10704.6	-50.19
10724.4	-49.90
10743.3	-48.94
10761.7	-50.32
10780.7	-50.45
10801.0	-50.33
10821.4	-50.65
10840.8	-50.15
10858.8	-49.89
10877.3	-49.71
10896.4	-49.36
10916.9	-49.90
10935.8	-50.77
10954.8	-50.29
10974.9	-49.79
10994.0	-49.53
11012.9	-50.36
11032.2	-50.96
11051.5	-50.11
11070.0	-49.61
11087.9	-49.91
11106.1	-49.38
11125.0	-49.69
11143.4	-50.80
11162.0	-50.46
11180.0	-49.86
11197.9	-50.53
11217.1	-50.75
11235.4	-50.34
11254.0	-49.28
11272.7	-49.25
11291.8	-49.43
11310.4	-49.85
11328.6	-51.21
11346.2	-50.07
11364.5	-49.85
11382.9	-50.23
11401.3	-48.57
11419.8	-48.69
11438.7	-50.90
11458.2	-50.26
11477.6	-50.62
11497.0	-50.11
11515.5	-49.62
11533.1	-49.18
11550.7	-49.62
11568.3	-48.82
11585.9	-49.27
11603.5	-49.92
11622.1	-50.34
11641.7	-50.13
11661.3	-50.27
11680.6	-50.32
11699.5	-49.47
11718.5	-50.14
11737.2	-49.46
11755.6	-50.23
11774.1	-49.49
11792.9	-50.46
11812.0	-49.86
11831.1	-50.17
11850.7	-49.29
11870.7	-50.36
11890.7	-51.37
11911.5	-50.83
11933.0	-51.01
11954.5	-50.74
11976.2	-50.99
11998.2	-50.77
12020.2	-51.49
12042.2	-51.51
12064.1	-50.66
12086.0	-50.82
12108.3	-50.66
12131.2	-51.67
12154.1	-51.37
12177.9	-51.59
12202.5	-52.94
12227.1	-51.84
12251.3	-51.67
12275.1	-52.40
12298.9	-51.36
12322.5	-51.08
12346.0	-52.03
12369.5	-50.97
12394.4	-52.54
12420.6	-52.82
12446.8	-52.11
12472.6	-53.19
12498.1	-51.78
12523.7	-51.35
12549.5	-52.36
12575.7	-52.43
12601.8	-52.29
12629.4	-53.51
12658.5	-53.11
12687.6	-53.21
12716.1	-52.83
12743.9	-53.30
12771.8	-52.24
12799.8	-52.63
12827.8	-52.42
12856.1	-53.30
12884.6	-53.63
12910.1	-52.52
12937.2	-52.98
12964.1	-52.04
12991.6	-52.57
13019.9	-52.95
13048.3	-53.03
13076.9	-52.72
13105.5	-52.17
13134.2	-52.54
13162.9	-52.68
13192.3	-53.11
13221.6	-52.87
13249.7	-52.52
13276.3	-51.90
13302.7	-52.28
13330.0	-52.78
13357.9	-52.14
13386.1	-51.91
13414.4	-52.43
13443.5	-52.62
13473.9	-53.43
13501.0	-53.17
13527.9	-52.63
13554.4	-53.14
13579.8	-52.36
13605.2	-51.38
13633.9	-52.60
13665.3	-52.25
13696.4	-52.97
13726.1	-53.06
13755.9	-53.22
13784.9	-53.15
13813.2	-52.16
13841.1	-52.91
13867.9	-52.54
13896.8	-51.48
13923.8	-53.00
13950.8	-51.54
13978.3	-52.68
14006.3	-52.83
14034.3	-52.42
14062.9	-51.79
14089.8	-51.24
14115.6	-51.01
14142.3	-51.57
14169.9	-52.30
14197.5	-52.19
14224.8	-52.44
14251.7	-51.54
14278.6	-51.15
14305.3	-51.45
14331.8	-51.69
14358.6	-52.33
14385.1	-49.94
14409.9	-50.48
14434.7	-50.66
14460.4	-51.08
14487.2	-50.87
14512.9	-51.27
14539.1	-50.93
14566.0	-53.05
14592.3	-51.82
14618.3	-51.02
14647.0	-52.08
14675.5	-52.15
14704.6	-51.68
14734.2	-52.49
14764.8	-51.93
14792.5	-52.97
14819.3	-52.74
14846.9	-52.14
14872.7	-52.66
14901.1	-52.43
14928.6	-51.76
14955.7	-51.95
14982.2	-52.19
15008.6	-51.75
15039.3	-51.98
15067.8	-52.19
15095.4	-53.21
15125.4	-50.88
15154.8	-52.41
15180.7	-52.82
15210.7	-52.81
15240.6	-51.84
15270.5	-52.16
15300.6	-52.35
15330.7	-52.12
15359.5	-52.59
15387.9	-52.80
15415.8	-53.34
15447.8	-53.01
15480.3	-53.14
15512.7	-53.06
15544.0	-53.31
15573.8	-53.27
15604.1	-52.65
15636.9	-52.87
15670.2	-53.02
15703.8	-53.44
15737.4	-52.93
15770.9	-53.75
15804.5	-52.57
15838.0	-52.87
15869.8	-53.00
15900.6	-53.15
15931.5	-52.93
15962.4	-53.16
15997.9	-53.38
16034.0	-53.59
16069.1	-52.94
16104.8	-53.96
16141.4	-53.38
16179.7	-53.33
16218.4	-53.83
16255.2	-54.25
16290.5	-53.93
16328.0	-53.31
16366.7	-53.44
16409.2	-53.47
16450.5	-53.38
16490.9	-54.49
16531.2	-53.61
16571.6	-53.37
16612.0	-53.79
16653.1	-53.93
16694.8	-53.73
16735.2	-54.21
16775.8	-55.16
16812.9	-54.19
16849.9	-54.53
16887.2	-54.19
16925.0	-53.92
16962.7	-55.50
17001.5	-54.47
17041.2	-55.11
17080.9	-55.04
17121.1	-55.19
17161.8	-55.66
17202.5	-54.66
17242.2	-54.81
17281.0	-55.27
17319.8	-54.27
17359.5	-55.30
17399.9	-54.40
17440.4	-56.04
17481.3	-55.21
17522.8	-55.19
17564.3	-55.76
17606.3	-55.29
17649.1	-55.73
17691.8	-56.03
17735.4	-56.08
17779.8	-56.07
17824.3	-56.22
17867.3	-54.84
17908.9	-55.54
17950.5	-56.24
17992.5	-55.49
18035.0	-55.50
18077.4	-55.91
18120.4	-56.39
18164.0	-56.23
18207.5	-55.67
18250.1	-55.86
18291.8	-55.55
18333.4	-55.83
18375.5	-55.96
18417.9	-55.91
18460.2	-55.97
18498.4	-56.15
18541.5	-56.03
18589.3	-56.69
18629.7	-55.40
18669.7	-55.75
18713.4	-55.04
18758.1	-56.25
18803.8	-55.63
18847.0	-55.98
18888.6	-55.87
18929.8	-55.83
18973.4	-56.15
19019.9	-55.51
19067.9	-56.57
19112.3	-55.90
19156.9	-55.16
19201.8	-56.71
19246.6	-56.27
19296.3	-55.09
19345.8	-56.07
19391.8	-55.87
19438.7	-54.67
19486.7	-56.07
19535.9	-55.52
19591.3	-56.27
19648.0	-55.69
19701.0	-56.23
19747.8	-56.18
19795.8	-56.55
19843.8	-55.96
19891.3	-56.46
19938.3	-56.38
19987.4	-55.60
20035.5	-55.60
20082.2	-55.24
20128.8	-55.95
20177.0	-56.74
20226.6	-56.37
20274.9	-55.53
20318.3	-55.51
20366.5	-55.99
20410.8	-55.59
20457.1	-56.36
20503.9	-55.88
20550.7	-55.88
20598.3	-56.32
20646.7	-56.31
20695.1	-56.67
20741.9	-55.73
20787.1	-55.60
20832.3	-55.84
20878.6	-56.00
20926.0	-56.24
20973.4	-56.35
21020.1	-55.76
21066.2	-56.09
21111.0	-56.08
21155.7	-56.08
21201.4	-56.03
21247.1	-56.63
21295.3	-55.86
21345.7	-56.02
21396.0	-55.48
21447.4	-55.71
21500.1	-56.58
21548.9	-56.51
21591.1	-55.90
21631.8	-55.33
21672.6	-54.77
21714.7	-56.47
21758.4	-56.17
21802.0	-55.58
21847.7	-55.96
21896.9	-56.57
21946.1	-56.09
21993.7	-55.55
22039.7	-55.59
22085.7	-55.19
22133.1	-56.05
22182.1	-55.87
22231.0	-56.08
22281.0	-56.18
22331.8	-56.43
22382.7	-56.66
22433.0	-56.30
22477.2	-55.43
22521.3	-56.43
22566.3	-56.37
22611.8	-55.24
22657.2	-55.80
22702.8	-55.91
22748.4	-55.43
22793.1	-55.88
22838.3	-56.40
22884.4	-55.76
22929.4	-56.48
22970.2	-55.97
23011.2	-56.18
23051.2	-55.97
23097.1	-56.34
23141.6	-56.05
23184.7	-55.77
23229.7	-55.36
23275.1	-55.51
23320.6	-55.08
23363.1	-55.60
23407.1	-55.85
23452.0	-55.55
23498.5	-56.71
23548.0	-56.07
23590.9	-55.69
23636.8	-55.99
23681.8	-55.41
23726.8	-55.64
23771.8	-55.80
23816.5	-55.43
23861.1	-55.75
23911.0	-55.99
23954.4	-56.10
23999.8	-56.94
24048.8	-56.56
24102.0	-56.22
24153.6	-56.24
24200.2	-57.05
24249.8	-56.28
24300.9	-55.99
24353.5	-55.80
24406.6	-55.70
24458.3	-56.42
24509.8	-55.96
24564.9	-56.59
24625.9	-56.69
24678.6	-54.95
24727.5	-55.77
24775.0	-56.29
24824.7	-56.75
24877.1	-56.54
24929.4	-56.48
24979.6	-56.46
25028.0	-56.23
25083.1	-56.58
25140.0	-56.01
25200.4	-56.35
25254.3	-56.48
25307.9	-56.38
25360.7	-56.16
25410.6	-56.09
25462.8	-56.82
25522.4	-57.05
25581.8	-56.82
25637.0	-56.18
25686.4	-56.50
25739.2	-56.32
25799.9	-56.16
25851.1	-56.26
25907.7	-56.03
25958.4	-56.79
26012.1	-56.75
26068.2	-56.19
26123.2	-56.98
26177.8	-55.88
26232.5	-56.46
26287.8	-56.76
26344.1	-55.78
26400.5	-56.51
26457.6	-56.71
26515.0	-55.93
26570.7	-56.99
26623.9	-56.64
26676.7	-55.73
26730.1	-56.64
26783.7	-56.21
26839.9	-56.34
26896.0	-56.70
26950.7	-56.82
27006.7	-56.79
27068.7	-55.90
27118.4	-56.29
27176.1	-56.39
27224.7	-56.80
27277.0	-56.32
27330.9	-56.53
27387.1	-56.46
27446.2	-56.60
27504.0	-56.13
27560.9	-55.81
27611.1	-55.52
27657.4	-55.99
27707.4	-54.18
27759.7	-56.01
27815.5	-55.74
27873.5	-55.60
27931.0	-56.98
27986.8	-55.86
28042.5	-54.92
28096.3	-54.72
28148.1	-55.36
28199.9	-55.93
28250.5	-56.13
28301.0	-55.37
28351.4	-55.72
28403.7	-56.59
28457.8	-56.92
28510.8	-55.88
28562.6	-56.06
28614.0	-56.67
28667.2	-56.30
28719.0	-55.61
28768.2	-55.84
28817.4	-55.32
28866.2	-54.97
28914.4	-55.64
28962.6	-55.43
29009.4	-55.50
29056.3	-55.88
29103.2	-56.28
29150.2	-56.13
29197.4	-55.86
29244.6	-56.05
29290.7	-55.42
29335.9	-55.81
29381.5	-55.25
29430.1	-55.68
29478.1	-55.48
29526.1	-55.46
29573.3	-55.48
29619.7	-54.82
29666.2	-55.70
29711.9	-54.85
29757.5	-55.21
29803.2	-56.47
29849.4	-56.04
29896.2	-55.64
29943.0	-55.52
29988.9	-55.62
30034.1	-55.53
30079.3	-55.19
30126.4	-55.35
30175.3	-55.86
30224.0	-56.60
30273.6	-56.36
30324.4	-56.28
30379.6	-56.60
30436.2	-55.48
30485.0	-56.93
30534.1	-56.15
30581.9	-56.28
30626.4	-55.59
30670.9	-56.67
30715.6	-55.82
30760.3	-56.01
30805.0	-56.17
30850.1	-56.21
30895.7	-56.00
30941.2	-55.71
30986.4	-55.71
31031.3	-55.71
31076.1	-55.71
31120.1	-55.71
31163.0	-54.71
31206.0	-55.69
31250.1	-55.89
31295.2	-55.61
31343.6	-56.26
31397.8	-56.78
31450.3	-56.34
31502.8	-56.46
31554.8	-56.79
31611.8	-56.24
31672.1	-56.03
31730.4	-55.97
31796.1	-56.01
31862.7	-56.84
31923.5	-55.81
31991.5	-57.36
32059.7	-56.42
32124.9	-54.87
32187.3	-55.61
32254.2	-55.99
32322.0	-55.89
32388.9	-54.71
32454.8	-55.52
32519.9	-54.24
32583.4	-55.54
32645.4	-55.90
32707.5	-55.54
32761.3	-55.96
32812.6	-55.60
32863.5	-55.37
32914.0	-55.34
32964.5	-55.84
33015.7	-55.35
33067.8	-55.27
33119.8	-56.40
33174.6	-56.64
33232.2	-56.53
33289.8	-56.31
33346.5	-56.72
33402.5	-56.29
33458.4	-55.77
33512.8	-56.32
33565.5	-55.88
33618.3	-55.37
33669.2	-55.27
33718.3	-55.29
33767.3	-55.03
33816.1	-55.42
33864.6	-55.08
33913.1	-54.93
33963.0	-55.50
34014.1	-55.39
34065.2	-55.68
34116.1	-55.37
34166.9	-55.54
34217.6	-54.95
34269.8	-56.28
34323.4	-55.33
34377.0	-55.77
34432.8	-56.36
34490.8	-56.36
34548.7	-56.36
34606.6	-56.36
34664.4	-56.36
34722.3	-55.97
34778.9	-55.42
34833.7	-56.02
34881.5	-56.05
34930.7	-56.62
34978.5	-56.33
35024.8	-55.50
35068.9	-55.42
35115.6	-55.82
35163.2	-54.89
35210.5	-55.69
35259.2	-55.04
35309.3	-55.09
35356.5	-55.79
35403.1	-54.84
35449.7	-54.96
35496.5	-55.73
35543.4	-55.43
35590.2	-55.17
35636.5	-54.67
35682.3	-54.91
35725.9	-55.38
35766.9	-55.15
35815.1	-54.53
35860.9	-54.99
35904.6	-55.43
35947.9	-55.64
35990.7	-55.24
36035.3	-54.31
36083.6	-55.73
36128.4	-55.77
36172.7	-55.12
36219.4	-55.09
36270.6	-55.23
36312.0	-55.80
36355.2	-55.47
36398.3	-56.27
36444.3	-55.10
36489.6	-55.30
36535.1	-55.42
36580.9	-55.50
36624.7	-56.26
36668.8	-55.78
36712.5	-55.67
36755.4	-55.68
36804.8	-55.31
36852.9	-55.27
36900.5	-55.46
36947.6	-55.59
36993.7	-55.36
37039.6	-55.08
37085.5	-55.67
37131.3	-55.32
37177.1	-55.33
37223.5	-55.82
37269.9	-55.96
37316.7	-55.80
37364.6	-55.50
37412.5	-54.55
37457.9	-54.20
37503.2	-55.26
37549.5	-55.30
37599.1	-55.37
37648.7	-54.43
37697.7	-55.00
37745.9	-54.38
37791.7	-55.27
37836.8	-54.36
37881.9	-55.43
37930.9	-54.36
37979.0	-54.91
38024.6	-53.92
38069.3	-54.00
38112.5	-54.01
38154.4	-53.17
38202.0	-54.27
38247.0	-53.20
38291.0	-52.58
38334.6	-53.81
38379.1	-54.70
38427.4	-54.44
38476.7	-55.06
38524.7	-53.63
38570.7	-53.35
38612.8	-54.62
38658.6	-54.74
38705.6	-54.81
38750.2	-53.60
38793.0	-54.64
38840.6	-54.08
38881.3	-54.37
38921.9	-54.61
38964.8	-54.26
39008.8	-54.16
39050.7	-54.10
39090.3	-54.04
39128.4	-54.44
39168.5	-54.67
39210.3	-54.99
39252.2	-53.94
39293.4	-54.34
39334.2	-54.26
39373.4	-54.06
39411.5	-55.40
39449.6	-54.43
39487.9	-53.91
39535.3	-55.44
39585.2	-55.08
39628.7	-55.29
39678.3	-55.29
39723.3	-55.20
39766.2	-55.46
39809.6	-55.26
39853.5	-55.28
39897.3	-56.07
39942.3	-56.28
39991.2	-56.09
40043.4	-55.30
40096.0	-56.32
40147.5	-55.22
40199.1	-55.84
40249.3	-55.15
40306.2	-55.27
40360.7	-54.76
40406.5	-55.45
40458.5	-55.07
40511.8	-54.90
40565.0	-55.80
40613.1	-55.61
40662.2	-55.57
40709.7	-54.47
40755.8	-54.89
40801.8	-54.59
40850.7	-55.72
40902.4	-55.94
40954.2	-55.78
41006.5	-55.70
41059.3	-55.77
41112.1	-55.39
41165.4	-55.21
41219.2	-56.22
41273.0	-55.31
41319.4	-55.30
41361.2	-54.91
41403.1	-54.65
41451.3	-55.63
41502.8	-54.60
41549.8	-54.00
41596.9	-54.93
41644.8	-54.86
41692.6	-55.11
41741.7	-55.83
41791.7	-54.05
41836.2	-55.62
41881.5	-54.99
41927.5	-55.85
41971.9	-55.04
42018.2	-55.53
42069.5	-55.87
42115.4	-55.43
42162.0	-55.80
42209.2	-55.81
42259.2	-55.85
42312.5	-56.16
42366.1	-55.82
42417.9	-55.50
42467.1	-55.97
42517.7	-54.83
42569.0	-55.36
42623.0	-55.60
42676.1	-54.80
42728.4	-54.81
42780.3	-54.87
42832.3	-55.78
42884.2	-54.67
42936.6	-55.70
42989.4	-55.04
43042.3	-55.15
43092.9	-54.97
43141.3	-54.45
43189.8	-54.35
43238.0	-54.57
43285.9	-54.75
43333.7	-54.35
43382.0	-54.45
43430.5	-54.98
43479.1	-54.46
43527.0	-55.47
43575.0	-55.36
43623.0	-54.16
43670.9	-54.45
43718.7	-54.72
43766.5	-55.22
43814.8	-55.40
43863.7	-54.66
43912.5	-54.92
43961.6	-55.15
44010.7	-54.68
44059.9	-55.67
44109.4	-55.84
44159.3	-55.31
44209.1	-55.16
44259.5	-55.95
44310.4	-55.79
44361.4	-55.37
44412.9	-55.96
44464.9	-56.03
44516.9	-55.79
44566.9	-55.49
44615.0	-54.73
44663.1	-55.20
44712.5	-55.89
44763.2	-55.52
44813.8	-55.72
44863.5	-55.35
44912.3	-55.00
44961.0	-55.22
45009.8	-55.15
45058.5	-55.05
45107.3	-55.05
45156.8	-55.10
45209.2	-55.11
45261.7	-54.65
45312.9	-54.60
45363.0	-54.27
45413.2	-54.64
45463.2	-54.61
45513.2	-54.59
45563.1	-54.30
45612.9	-54.57
45662.5	-54.34
45712.1	-54.70
45761.7	-54.50
45811.6	-53.40
45860.6	-54.78
45911.7	-54.00
45964.1	-54.37
46015.2	-53.36
46065.1	-53.99
46113.6	-53.44
46162.1	-54.17
46212.4	-52.57
46262.9	-53.23
46312.8	-53.89
46358.8	-54.66
46406.1	-53.71
46456.3	-53.29
46508.8	-54.22
46562.0	-54.20
46615.2	-53.93
46665.6	-53.95
46714.9	-53.44
46762.0	-53.58
46813.1	-52.73
46865.0	-52.57
46912.3	-52.25
46960.7	-53.38
47011.3	-53.40
47061.9	-53.38
47113.4	-53.37
47166.0	-52.98
47211.3	-54.25
47257.3	-53.86
47305.0	-54.39
47353.7	-53.61
47402.3	-53.92
47450.0	-54.08
47494.5	-53.82
47536.1	-54.26
47578.5	-54.31
47620.9	-53.83
47662.0	-54.17
47700.4	-53.03
47738.8	-54.28
47778.9	-54.08
47820.8	-54.61
47862.7	-54.18
47905.2	-54.57
47948.2	-54.21
47991.2	-54.58
48034.1	-54.79
48076.7	-53.86
48119.4	-53.86
48163.6	-54.58
48209.3	-55.00
48255.0	-54.07
48303.5	-54.66
48354.8	-56.03
48406.0	-55.23
48458.4	-55.14
48511.9	-55.82
48565.5	-55.29
48617.6	-54.85
48668.3	-55.34
48719.1	-54.43
48768.6	-54.06
48818.1	-54.50
48867.9	-54.69
48919.1	-54.73
48975.4	-55.64
49031.8	-55.01
49088.3	-54.59
49144.9	-55.65
49203.1	-55.54
49259.6	-54.73
49313.3	-54.59
49368.0	-54.22
49431.4	-55.21
49484.0	-55.02
49536.6	-55.13
49589.5	-55.70
49642.6	-54.91
49695.8	-55.57
49749.0	-55.00
49802.2	-55.64
49855.4	-54.91
49907.2	-55.53
49957.5	-54.74
50007.8	-54.25
50057.5	-55.09
50106.5	-55.07
50155.6	-53.94
50204.8	-55.21
50254.2	-55.24
50303.7	-53.88
50353.9	-55.30
50404.8	-54.99
50455.8	-55.56
50505.1	-54.59
50552.9	-54.18
50600.7	-54.65
50648.7	-54.06
50696.8	-54.52
50744.9	-55.05
50793.2	-54.90
50841.7	-54.55
50890.2	-54.69
50938.1	-53.55
50985.6	-54.71
51033.1	-54.78
51081.1	-55.63
51129.6	-54.11
51178.2	-54.49
51226.8	-55.19
51275.0	-54.27
51323.2	-54.98
51371.1	-54.99
51418.5	-54.54
51466.0	-54.61
51514.6	-55.40
51564.4	-54.88
51614.3	-55.04
51663.0	-54.81
51710.8	-54.75
51758.6	-54.75
51805.8	-54.83
51852.6	-55.06
51899.3	-54.45
51951.0	-54.27
51997.5	-53.88
52041.4	-55.06
52088.7	-54.55
52138.0	-54.98
52187.3	-54.12
52236.9	-54.42
52285.7	-53.45
52334.4	-54.72
52382.0	-54.18
52428.4	-54.09
52474.9	-52.85
52521.2	-54.16
52567.3	-53.43
52613.4	-54.10
52661.3	-54.96
52711.1	-54.22
52761.0	-54.74
52809.8	-54.24
52859.8	-54.44
52910.0	-53.82
52960.0	-53.72
53009.6	-54.63
53059.3	-53.83
53108.4	-54.08
53157.1	-53.47
53205.7	-54.36
53253.8	-53.98
53311.2	-52.83
53368.7	-53.92
53428.4	-54.12
53490.6	-54.41
53552.7	-54.49
53618.7	-54.13
53681.6	-52.54
53744.5	-53.74
53807.3	-54.10
53870.0	-53.18
53932.2	-53.43
53990.6	-53.18
54047.8	-53.39
54104.9	-53.03
54162.3	-53.07
54219.9	-53.28
54270.6	-53.48
54317.2	-54.11
54366.1	-54.09
54415.0	-53.96
54465.5	-54.80
54517.5	-54.39
54569.4	-54.33
54619.2	-53.49
54666.8	-53.99
54714.4	-53.54
54763.2	-54.27
54813.2	-54.28
54863.1	-54.38
54913.2	-54.28
54963.3	-54.67
55013.4	-53.45
55062.4	-53.80
55110.3	-53.74
55158.2	-53.70
55208.3	-54.93
55251.9	-54.70
55294.0	-54.50
55337.0	-54.94
55380.9	-54.99
55423.6	-54.39
55470.9	-55.24
55524.2	-55.32
55577.5	-55.06
55628.6	-55.10
55677.5	-53.79
55726.4	-54.41
55774.5	-54.56
55821.8	-54.00
55869.0	-53.74
55917.2	-54.47
55966.1	-54.51
56015.1	-53.83
56064.4	-54.70
56114.0	-54.66
56163.6	-54.09
56214.1	-54.48
56265.5	-55.16
56317.0	-54.57
56368.2	-54.48
56419.2	-54.48
56470.1	-54.60
56523.3	-54.94
56578.8	-55.32
56634.3	-55.78
56689.4	-54.89
56744.3	-54.90
56799.1	-55.54
56854.3	-55.71
56909.8	-54.55
56965.3	-56.05
57019.2	-54.99
57071.4	-54.80
57123.7	-54.38
57175.9	-54.70
57227.7	-55.63
57274.0	-54.36
57319.8	-54.82

