#Age	d18O
#(yr BP)	(‰)
71.8	-44.65
76.2	-44.23
80.7	-46.35
85.1	-44.59
89.6	-45.82
94.0	-46.99
98.2	-43.37
102.3	-45.85
106.4	-46.39
110.4	-45.4
114.5	-44.98
118.5	-44.49
122.8	-44.88
127.2	-44.46
131.7	-44.93
136.1	-43.88
140.5	-43.11
145.0	-43.67
149.8	-43.56
155.0	-45.5
160.1	-44.97
165.3	-43.48
170.5	-44.88
175.6	-43.41
180.6	-45.09
185.5	-45.08
190.3	-44.75
195.1	-44.53
200.0	-45.2
204.8	-43.88
209.7	-44.8
214.6	-46.66
219.5	-44.33
224.4	-44.89
229.3	-44.8
234.2	-44.46
239.2	-45.01
244.3	-45.86
249.4	-44.22
254.5	-45.48
259.6	-44.47
264.7	-45.69
269.8	-45.07
275.0	-45
280.1	-44.91
285.3	-45.82
290.5	-45.85
295.7	-45.88
301.0	-45.05
306.4	-43.9
311.9	-45.04
317.3	-45.82
322.8	-46
328.2	-45.76
333.5	-45.47
338.7	-45.9
343.9	-45.38
349.1	-45.46
354.3	-45.61
359.5	-46.97
364.8	-45.47
370.0	-44.54
375.3	-43.26
380.6	-44.33
385.9	-45.91
391.2	-45.66
396.9	-44.53
402.9	-45.94
409.0	-44.61
415.0	-46.07
421.1	-44.28
427.1	-45.68
433.2	-43.73
439.3	-43.97
445.3	-45.32
451.4	-44.9
457.5	-45.6
463.6	-43.43
469.6	-44.78
475.6	-45.4
481.5	-43.84
487.5	-44.09
493.4	-44.87
499.4	-43.76
505.4	-44.82
511.6	-44.7
517.8	-43.78
524.0	-45.06
530.1	-45.33
536.3	-45.6
542.5	-45.59
548.6	-45.74
554.8	-44.33
560.9	-45.26
567.1	-45.37
573.2	-45.74
579.3	-44.97
585.5	-45
591.6	-44.94
597.7	-46.27
603.9	-45.81
610.0	-44.07
616.1	-45.29
622.1	-46.75
628.2	-43.3
634.3	-43.44
640.3	-45.3
646.4	-46.56
652.8	-45.44
659.8	-45.64
666.7	-44.71
673.7	-45.71
680.6	-46.22
687.5	-45.49
694.3	-45.09
700.9	-44.36
707.5	-42.38
714.1	-43.1
720.7	-46.36
727.4	-45.49
734.0	-44.03
740.7	-44.17
747.4	-45.21
754.1	-45.37
760.8	-44.37
767.5	-45.04
774.0	-44.27
780.2	-44.04
786.4	-44.36
792.7	-45.93
798.9	-44.14
805.1	-43.97
811.6	-44.08
818.2	-44.93
824.9	-43.47
831.6	-44.68
838.2	-45.71
844.9	-44.71
851.6	-44.11
858.5	-44
865.3	-44.7
872.1	-44.7
878.9	-44.83
885.7	-42.88
892.5	-42.8
899.1	-44.27
905.8	-44.83
912.4	-43.23
919.1	-44.87
925.8	-44.2
932.6	-43.82
939.8	-42.72
946.9	-46.67
954.0	-44.74
961.1	-45
968.2	-44.25
975.3	-45.78
982.4	-43.95
989.4	-44.78
996.5	-45.47
1003.6	-45.44
1010.6	-45.6
1017.6	-44.58
1024.5	-43.88
1031.3	-45.14
1038.2	-45.14
1045.1	-45.32
1052.0	-45.61
1058.9	-43.95
1066.0	-44.26
1073.0	-45.53
1080.1	-45.44
1087.2	-45.11
1094.2	-43.15
1101.3	-43.54
1108.2	-45.66
1115.2	-44.01
1122.2	-46.19
1129.2	-45.48
1136.2	-44.63
1142.4	-45.59
1147.7	-43.7
1153.1	-45.6
1158.4	-45.38
1163.7	-44.9
1169.1	-44.92
1175.0	-44.86
1181.6	-45.07
1188.1	-43.63
1194.7	-44.03
1201.2	-44.29
1207.8	-45.55
1214.8	-45.08
1222.3	-44.06
1229.8	-44.16
1237.3	-44.97
1244.8	-45.4
1252.3	-47.02
1259.8	-46.45
1267.5	-44.96
1274.8	-44.31
1282.1	-44.38
1289.3	-43.86
1296.6	-44.61
1304.0	-45.94
1311.3	-45.41
1318.6	-45.6
1325.9	-44.62
1333.2	-43.78
1340.5	-44.79
1347.5	-44.59
1354.0	-46.08
1360.6	-44.74
1367.1	-46.22
1373.6	-45.79
1380.8	-45.82
1388.2	-43.91
1395.7	-45.41
1402.8	-44.28
1409.5	-42.86
1416.0	-45.07
1423.0	-44.03
1430.3	-46.27
1437.7	-44.94
1445.1	-45.02
1452.5	-44.95
1460.6	-45.5
1468.6	-44.54
1476.2	-43.26
1483.7	-44.53
1491.4	-42.86
1499.1	-44.03
1506.9	-46.44
1515.2	-45.93
1523.0	-46.24
1530.7	-45.19
1538.3	-44.82
1545.6	-44.97
1552.9	-45.93
1560.0	-44.88
1567.0	-45
1573.9	-44.29
1581.1	-45.34
1588.5	-45.8
1596.0	-44.98
1603.4	-45.13
1610.2	-43.31
1616.9	-43.91
1624.2	-44.76
1632.1	-45.6
1640.0	-46.21
1647.2	-44.14
1653.9	-43.49
1660.7	-44.31
1668.0	-46.3
1676.0	-45.14
1684.0	-45.36
1691.6	-45.02
1698.7	-43.69
1705.8	-44.66
1712.9	-44.37
1719.5	-44.18
1726.2	-43.95
1733.2	-44.24
1740.4	-45.44
1747.7	-45.25
1755.1	-46.03
1762.7	-44.31
1770.2	-45.46
1777.6	-44.67
1784.7	-44.59
1791.7	-45.41
1798.8	-45.22
1806.0	-44.83
1814.1	-45.25
1821.7	-44.7
1829.3	-42.51
1837.1	-44.26
1845.1	-44.31
1852.4	-44.63
1859.8	-43.96
1867.2	-43.98
1874.8	-45.41
1882.3	-44.22
1890.3	-45.48
1898.7	-46.11
1907.1	-45.03
1915.3	-46.07
1923.3	-45.25
1931.3	-43.91
1938.9	-44.53
1946.3	-44.23
1953.6	-43.95
1961.4	-43.47
1969.2	-44.34
1976.1	-44.47
1983.2	-44.84
1990.5	-44.5
1997.7	-44.34
2005.1	-45.51
2012.7	-44.89
2020.3	-44.72
2027.6	-43.38
2035.3	-43.92
2044.1	-45.54
2052.1	-44.33
2059.4	-43.29
2066.8	-45.67
2074.0	-43.65
2081.2	-43.32
2088.3	-45.6
2095.7	-44.36
2103.1	-44.1
2110.4	-45.78
2118.1	-45.77
2126.0	-45.31
2133.8	-46.12
2141.5	-46.96
2148.9	-43.92
2156.3	-44.96
2163.7	-44.41
2171.4	-44.36
2179.1	-45.66
2186.4	-44.08
2193.3	-43.62
2199.9	-43.35
2206.5	-42.28
2213.1	-43.75
2219.7	-45.82
2227.0	-45.52
2235.1	-45.74
2243.1	-45.61
2250.7	-45.71
2258.0	-44.21
2265.3	-44.28
2272.4	-44.21
2279.4	-44.03
2286.4	-44.72
2293.3	-43.03
2300.0	-44.01
2306.6	-45.44
2313.8	-46.1
2321.5	-44.66
2329.2	-45.75
2336.5	-45.19
2343.7	-45.08
2351.6	-44.07
2359.4	-44.59
2367.1	-43.89
2374.9	-45.36
2382.1	-45.04
2389.3	-43.93
2396.5	-44.05
2403.8	-45.07
2411.4	-44.51
2419.0	-44.9
2426.3	-44.05
2433.5	-44.81
2440.7	-44.07
2448.3	-44.83
2456.4	-45.55
2464.4	-45.85
2472.5	-44.66
2480.6	-44.65
2488.6	-46.08
2496.5	-44.86
2504.2	-44.59
2511.9	-44.48
2519.8	-44.99
2527.8	-45.5
2535.5	-44.51
2543.4	-44.39
2551.3	-45.04
2559.3	-46.64
2567.1	-45.38
2574.7	-43.87
2582.4	-45.63
2590.3	-45.89
2598.6	-45.35
2606.8	-45.53
2614.4	-43.54
2621.5	-45.07
2628.6	-43.99
2635.8	-44.99
2643.1	-45.07
2650.5	-43.49
2657.9	-44.14
2665.5	-44.73
2673.1	-45.44
2680.9	-45.59
2688.8	-44.61
2696.7	-44.5
2704.2	-44.11
2711.4	-44.5
2718.6	-43.55
2726.0	-44.84
2733.6	-44.64
2741.2	-44.01
2748.9	-44.62
2756.7	-43.97
2764.5	-45.82
2772.3	-44.93
2779.9	-44
2787.6	-44.84
2795.0	-44.98
2802.0	-43.52
2809.1	-42.94
2816.3	-44.07
2823.9	-44.41
2831.4	-44.61
2838.9	-45.23
2846.4	-43.62
2854.0	-44.36
2861.4	-43.17
2868.7	-44.27
2876.0	-44.84
2883.2	-44.26
2890.4	-44.11
2897.5	-43.3
2904.8	-42.52
2912.1	-44.71
2919.5	-45.29
2927.1	-44.48
2934.8	-44.92
2942.6	-44.5
2950.3	-44.44
2958.1	-44.33
2965.8	-43.81
2973.6	-44.21
2981.5	-44.1
2989.2	-44.52
2996.7	-43.98
3004.2	-45.06
3011.7	-44.47
3019.3	-44.67
3027.0	-44.05
3034.7	-45.23
3042.4	-43.85
3050.3	-45.57
3058.2	-45.33
3066.2	-45.87
3074.4	-45.11
3082.6	-44.75
3090.4	-44.95
3097.9	-43.5
3105.4	-44.87
3113.3	-44.76
3121.6	-45.61
3130.1	-45.49
3138.2	-43.96
3145.9	-44.13
3153.7	-45.05
3161.8	-45.44
3170.5	-45.65
3179.1	-45.13
3187.0	-44.31
3194.0	-43.59
3201.0	-42.6
3208.5	-44.85
3216.5	-44
3224.4	-44.8
3232.5	-45
3240.5	-44.41
3248.6	-44.6
3256.7	-44.38
3265.0	-44.55
3273.2	-45.67
3281.4	-44.2
3289.5	-45.59
3297.6	-44.31
3305.6	-44.56
3313.7	-44.83
3321.7	-44.66
3329.4	-44.31
3336.8	-43.9
3344.2	-43.79
3351.7	-44.15
3359.3	-43.76
3366.9	-44.59
3374.5	-44.72
3382.2	-44.23
3389.9	-44.32
3397.5	-43.61
3404.8	-43.92
3412.2	-44.46
3419.4	-43.23
3426.3	-43.38
3433.2	-43.58
3440.6	-44.31
3448.6	-44.54
3456.6	-45.28
3464.8	-45.11
3473.3	-45.53
3481.8	-45.29
3490.2	-44.77
3498.6	-47.03
3507.1	-43.81
3515.2	-44.94
3522.9	-43.32
3530.7	-44.62
3538.6	-43.6
3546.5	-45.33
3554.5	-44.67
3562.4	-44.7
3569.9	-44.52
3577.6	-45.07
3586.1	-45.15
3594.7	-44.65
3603.3	-45.05
3611.2	-44.89
3618.8	-43.79
3626.5	-44.21
3634.0	-44.17
3641.6	-43.98
3649.4	-43.95
3657.6	-44.5
3666.2	-44.74
3674.6	-45.42
3682.6	-44.81
3690.2	-44.91
3697.7	-42.08
3705.4	-44.3
3713.2	-44.38
3721.0	-43.67
3728.9	-45.01
3736.9	-44.64
3744.9	-43.57
3752.9	-43.43
3760.9	-44.17
3768.9	-45.44
3776.7	-44.27
3784.5	-44.53
3792.2	-43.28
3800.2	-43.75
3808.4	-44.66
3816.6	-45.32
3825.3	-43.9
3833.3	-44.3
3841.0	-45.31
3848.6	-45.2
3856.3	-44.85
3864.0	-43.6
3871.5	-44.38
3879.9	-43.57
3888.5	-44.63
3896.8	-44.27
3904.8	-42.86
3912.7	-43.18
3921.0	-43.55
3929.3	-44.42
3937.3	-44.49
3945.4	-43.91
3953.5	-44.63
3961.6	-44.05
3970.0	-44.07
3978.7	-45.38
3987.4	-45.12
3995.8	-44.86
4004.2	-44.57
4012.5	-45.19
4020.6	-44.8
4028.5	-43.79
4036.3	-44.08
4044.3	-44.82
4052.4	-44.43
4060.5	-44.45
4068.7	-45.05
4076.9	-44.46
4085.1	-44.38
4093.0	-43.18
4100.6	-44.12
4108.2	-44.45
4115.8	-44.06
4123.3	-43.35
4130.8	-43.94
4138.6	-44.65
4146.8	-44.38
4154.9	-44.58
4163.2	-44.87
4171.5	-43.65
4179.8	-45.71
4188.1	-44.68
4196.2	-43.9
4204.3	-44.86
4212.1	-43.52
4219.5	-43.97
4227.1	-43.34
4235.1	-45.2
4243.4	-44.03
4251.7	-43.8
4259.7	-43.85
4267.1	-43.98
4274.3	-43.29
4281.9	-44.59
4289.8	-45.55
4297.7	-43.68
4305.6	-44.7
4314.0	-45.65
4322.4	-43.63
4330.5	-44.09
4338.3	-44.19
4346.1	-43.48
4354.1	-44.31
4361.9	-44.28
4369.7	-46.28
4377.9	-44.19
4386.2	-43.15
4394.4	-44.9
4403.2	-45.1
4411.5	-45.24
4419.4	-45.44
4427.3	-44.47
4434.9	-44.78
4442.5	-44.28
4450.6	-44.94
4458.9	-44.18
4467.2	-44.23
4475.4	-44.29
4483.5	-44.65
4491.6	-43.82
4500.0	-44.69
4508.6	-44.32
4517.2	-45.28
4525.6	-45.34
4534.0	-44.75
4542.4	-42.82
4550.6	-44.05
4558.6	-44.2
4566.7	-43.37
4574.9	-43.48
4583.3	-44.95
4591.6	-44.29
4600.2	-45.08
4608.8	-44.18
4617.5	-44.42
4626.4	-45.4
4635.2	-44.58
4643.4	-44.78
4651.6	-44.5
4659.8	-45.26
4668.1	-44.91
4676.6	-44.81
4684.7	-43.88
4692.9	-44.1
4701.2	-43.39
4709.6	-44.79
4718.0	-45.5
4726.5	-44.44
4735.1	-44.79
4743.7	-44.85
4752.3	-44.15
4761.1	-45.58
4769.8	-44.88
4778.1	-43.19
4785.7	-43.41
4793.4	-44.31
4801.5	-44.83
4809.9	-44.43
4818.3	-44.15
4826.6	-44.4
4834.8	-44.18
4843.0	-44.04
4851.3	-44.69
4859.8	-44.6
4868.7	-44.11
4877.2	-44.42
4885.5	-44.18
4893.7	-42.8
4902.0	-42.02
4910.1	-43.81
4918.3	-45.4
4926.7	-43.38
4935.3	-44.13
4943.9	-45.01
4952.4	-44.33
4960.8	-43.62
4969.1	-43.68
4977.6	-44.53
4986.6	-44.84
4995.5	-44.94
5004.6	-44.52
5013.6	-45.53
5022.7	-44.59
5031.4	-44.59
5039.8	-42.93
5048.1	-44.71
5056.8	-45.05
5065.8	-45.04
5074.7	-44.39
5083.6	-44.45
5092.6	-44.58
5101.6	-46.16
5110.3	-44.55
5118.6	-43.57
5127.0	-45
5135.3	-43.92
5143.7	-44.38
5152.0	-44.73
5160.8	-45.36
5170.1	-46.39
5179.4	-44.21
5187.9	-43.57
5195.8	-43.42
5203.6	-44.01
5211.7	-44.39
5220.3	-44.59
5228.8	-44.41
5237.1	-44.11
5245.3	-43.07
5253.7	-44.81
5262.0	-43.96
5270.2	-44.19
5278.4	-43.23
5286.7	-43.95
5295.2	-44.04
5303.6	-44.19
5312.4	-44.14
5321.6	-44.81
5330.7	-45.44
5339.9	-44.94
5349.1	-43.68
5358.3	-45.89
5367.5	-45.65
5377.0	-44.97
5386.4	-44.94
5395.5	-44.27
5404.5	-45.33
5413.5	-43.7
5422.4	-44.27
5431.1	-44.55
5439.8	-43.44
5448.6	-44.29
5457.6	-44.74
5466.6	-44.07
5475.3	-44.37
5484.1	-43.2
5492.8	-45.51
5501.7	-44.26
5510.7	-44.54
5519.7	-44.99
5528.8	-46.12
5538.1	-44.38
5547.3	-44.02
5556.5	-44.78
5565.7	-45.22
5574.8	-44.23
5584.0	-44.7
5593.1	-43.99
5602.6	-45.33
5612.5	-44.39
5621.8	-44.11
5630.8	-44.68
5640.0	-43.99
5649.5	-44.73
5658.9	-45.84
5668.4	-44.47
5677.8	-45.49
5687.3	-44.69
5696.6	-44.51
5705.7	-44.4
5714.9	-44.78
5723.7	-44.13
5732.0	-44.2
5740.5	-42.9
5749.2	-43.41
5758.1	-44.35
5766.9	-44.68
5775.5	-43.93
5783.8	-44.01
5792.2	-42.64
5800.9	-44.12
5810.2	-44.75
5819.4	-44.56
5828.7	-44.06
5838.2	-45.43
5847.7	-44.73
5857.1	-44.41
5866.4	-44.02
5875.7	-45.14
5885.1	-44.64
5894.6	-44.92
5904.1	-44.59
5913.7	-44.92
5923.4	-44.77
5933.0	-45.07
5942.0	-43.82
5950.5	-43.04
5959.0	-44.49
5967.8	-43.46
5977.1	-45.1
5986.6	-45.23
5995.8	-43.62
6004.9	-44.44
6013.9	-44.16
6023.5	-45.37
6033.7	-45.74
6044.0	-44.59
6053.3	-42.78
6061.9	-43.55
6070.2	-44.32
6078.6	-44.54
6087.2	-44.27
6095.8	-42.74
6104.7	-43.76
6113.9	-44.95
6123.1	-45.14
6132.3	-44.31
6141.4	-44.41
6150.5	-44.26
6159.9	-45.23
6169.6	-44.51
6179.2	-44.67
6188.6	-43.38
6197.8	-45.09
6206.9	-44.49
6216.4	-46.18
6226.2	-44.36
6235.9	-44.27
6245.5	-44.15
6254.8	-44.03
6264.2	-45.25
6273.8	-44.6
6284.4	-45.27
6294.4	-45.01
6304.3	-44.52
6314.4	-43.72
6325.8	-45.35
6335.7	-45.12
6345.6	-44.28
6355.5	-44.59
6365.7	-45.87
6376.2	-44.77
6386.8	-45.04
6397.3	-44.4
6407.9	-46
6418.5	-45.35
6428.3	-43.85
6437.4	-43.74
6446.6	-43.87
6456.1	-44.52
6465.9	-44.06
6475.8	-44.8
6485.5	-43.06
6495.2	-44.87
6504.8	-44.27
6514.6	-44.01
6524.5	-43.99
6534.5	-45.12
6544.4	-44.13
6554.3	-44.22
6564.0	-44.65
6574.0	-44.36
6584.3	-45.19
6594.7	-45.4
6604.7	-44.36
6614.2	-44.53
6623.7	-43.67
6633.1	-44.1
6642.2	-42.72
6651.3	-44.42
6660.9	-44.35
6670.9	-44.72
6680.8	-44.08
6690.5	-43.57
6700.0	-44.18
6709.5	-44.22
6719.7	-45.54
6730.5	-44.71
6741.3	-45.21
6751.8	-44.78
6761.9	-45.09
6772.0	-43.81
6782.1	-45.34
6792.1	-43.51
6802.0	-44.37
6811.9	-44.46
6821.8	-43.8
6831.7	-44.72
6841.9	-44.73
6852.3	-44.68
6862.7	-44.95
6873.0	-44.46
6882.8	-43.95
6892.3	-44.15
6902.1	-45.27
6912.1	-43.87
6922.1	-44.67
6932.2	-44.83
6942.1	-44.33
6952.1	-44.5
6962.6	-44.58
6973.4	-46.58
6984.3	-44.87
6994.3	-43.5
7003.6	-43.89
7013.0	-44.24
7022.6	-43.68
7032.6	-44.53
7042.6	-45.39
7052.2	-44.73
7061.9	-44.14
7071.6	-45.19
7081.2	-43.89
7090.7	-44.59
7100.4	-45.14
7110.2	-45.1
7120.1	-44.43
7130.0	-44.61
7140.1	-45.66
7150.5	-45.27
7160.9	-44.7
7170.9	-44.02
7180.8	-44.79
7191.1	-44.29
7201.6	-44.95
7212.3	-44.77
7223.0	-44.27
7233.8	-45.26
7244.4	-44.78
7254.5	-44.55
7264.7	-44.53
7275.0	-45.79
7285.3	-44.59
7295.2	-44.14
7304.9	-44.19
7314.5	-44.79
7324.3	-44.52
7334.2	-45.2
7344.0	-44.11
7353.7	-44.34
7363.1	-43.11
7372.5	-45.04
7382.5	-45.25
7393.2	-46.18
7403.8	-44.53
7414.2	-45.36
7424.3	-44.34
7434.3	-44.57
7444.4	-44.65
7454.6	-46.28
7464.7	-43.73
7474.8	-44.65
7484.9	-44.92
7495.0	-44.66
7505.2	-44.64
7515.4	-45.81
7525.6	-44.3
7535.6	-44.72
7545.5	-44.91
7555.3	-43.94
7565.1	-44.68
7575.0	-44.69
7585.0	-44.35
7595.0	-44.52
7605.0	-44.59
7615.1	-45.01
7624.9	-44.56
7634.5	-44.65
7644.1	-43.58
7654.3	-45.27
7665.2	-45.17
7676.0	-45.65
7686.8	-45.59
7697.7	-45.59
7708.5	-45.03
7719.0	-45.31
7729.1	-44.97
7739.1	-43.85
7749.1	-43.13
7758.9	-44.89
7768.7	-45.44
7778.7	-44.78
7789.1	-44.74
7799.4	-45.21
7809.6	-43.86
7819.7	-45.14
7829.8	-45.22
7839.9	-43.82
7850.0	-45.06
7860.0	-45.24
7868.8	-44.66
7879.1	-45.14
7889.9	-45.08
7900.5	-45.13
7911.0	-44.89
7921.4	-44.84
7931.6	-45.3
7941.6	-44.08
7951.4	-44.06
7961.5	-45.96
7971.9	-44.9
7982.8	-45.13
7993.5	-46.61
8004.0	-44.94
8014.0	-45.29
8024.4	-45.13
8035.1	-45.51
8045.8	-45.54
8056.3	-44.89
8067.8	-44.59
8077.7	-45.36
8087.4	-45.54
8097.9	-44.92
8108.5	-44.72
8119.1	-45.41
8129.7	-45.57
8140.4	-44.53
8150.8	-44.63
8160.9	-44.36
8170.5	-44.28
8180.4	-45.89
8190.8	-45.3
8201.2	-45.01
8211.7	-46.02
8222.2	-46.08
8232.9	-44.66
8243.3	-44.13
8253.5	-46.11
8263.8	-44.74
8274.6	-44.15
8287.0	-44.19
8296.6	-43.97
8306.8	-45.73
8317.7	-45.01
8328.1	-45.31
8338.2	-45.53
8348.4	-46
8358.6	-45.53
8369.6	-45.47
8380.0	-45.13
8390.4	-45.7
8400.6	-45.08
8411.1	-44.98
8422.7	-44.96
8433.0	-44.38
8443.1	-44.77
8453.2	-44.46
8463.6	-45.98
8474.5	-43.93
8485.3	-45.73
8495.9	-44.82
8506.5	-44.5
8517.0	-45.37
8527.6	-45.23
8538.3	-44.04
8549.1	-46
8560.0	-44.41
8571.1	-45.52
8582.1	-45.22
8593.1	-44.68
8604.0	-45.29
8614.8	-44.81
8624.5	-44.9
8634.7	-46.51
8644.8	-46.48
8655.0	-45.38
8665.9	-44.44
8676.9	-45.01
8687.8	-44.84
8698.7	-45
8709.5	-44.39
8720.3	-45.04
8731.2	-44.62
8742.0	-44.59
8753.2	-45.14
8764.3	-45.02
8774.9	-44.51
8785.0	-46.02
8794.7	-43.15
8804.5	-43.96
8814.6	-44.84
8825.3	-44.67
8835.9	-46.03
8846.6	-45.98
8857.4	-45.62
8868.1	-44.42
8878.3	-43.14
8887.8	-44.57
8897.3	-44.61
8907.4	-44.95
8918.0	-45.58
8928.9	-44.81
8940.5	-44.58
8951.5	-45.46
8962.3	-45.1
8972.7	-44.84
8982.9	-44.22
8993.0	-44.34
9003.2	-44.71
9013.4	-43.61
9023.6	-45.23
9034.3	-45.51
9045.7	-45.35
9057.0	-45.47
9068.3	-44.85
9079.7	-44.94
9090.0	-44.16
9099.7	-41.68
9110.1	-44.25
9120.5	-45.99
9131.2	-44.72
9141.5	-44.34
9151.6	-44.01
9162.2	-45.72
9173.2	-44.56
9184.1	-44.76
9194.5	-43.32
9204.3	-44.01
9214.9	-44.56
9225.8	-43.92
9236.8	-43.86
9247.8	-44.73
9259.1	-45.39
9270.2	-45
9281.3	-43.1
9291.6	-44.19
9301.9	-45.25
9313.5	-43.97
9324.4	-44.82
9336.2	-44.58
9349.3	-44.74
9360.7	-45
9371.8	-45.78
9383.0	-43.91
9394.1	-44.51
9405.2	-45.35
9416.3	-44.57
9427.3	-44.77
9438.0	-44.4
9448.8	-44.4
9460.0	-44.47
9471.5	-44.76
9483.1	-44.06
9494.7	-43.37
9506.5	-45.34
9518.3	-45.08
9529.6	-44.13
9540.7	-44.3
9551.7	-43.32
9562.7	-43.99
9573.7	-44.24
9583.0	-44.39
9592.5	-43.83
9602.3	-44.95
9613.2	-44.49
9624.3	-43.69
9635.0	-42.83
9645.6	-44.41
9656.5	-43.51
9667.7	-44.4
9678.8	-44.05
9689.5	-44.53
9700.4	-44.45
9711.3	-43.98
9722.4	-44.83
9733.3	-45.84
9744.1	-43.58
9754.6	-43.51
9765.6	-43.75
9776.5	-44.4
9787.6	-44.15
9798.7	-44.16
9809.7	-44.21
9821.1	-43.51
9832.7	-45.3
9844.6	-45.03
9856.2	-43.74
9867.3	-43.89
9878.4	-43.64
9889.8	-43.9
9901.2	-44.51
9912.3	-44.21
9923.8	-43.45
9935.1	-44.09
9946.5	-44.26
9957.8	-43.47
9969.1	-43.74
9980.3	-44.08
9991.6	-44.7
10003.1	-43.85
10014.5	-44.13
10025.5	-43.79
10036.3	-44.57
10047.1	-44.93
10058.1	-44.2
10069.1	-45.1
10080.2	-44.26
10091.6	-44.4
10102.7	-43.15
10113.8	-44.98
10125.4	-43.84
10137.0	-44.11
10148.6	-44.53
10159.8	-44.33
10170.5	-42.48
10181.2	-43.27
10192.4	-43.55
10204.2	-44.31
10215.9	-44.82
10227.4	-44.71
10238.5	-42.87
10249.3	-43.54
10260.5	-44.37
10272.0	-44.08
10283.5	-44.01
10294.6	-43.56
10305.5	-44.37
10316.4	-43.1
10327.5	-44.11
10338.7	-43.76
10349.9	-44.34
10359.6	-43.75
10371.0	-43.34
10382.1	-44.15
10393.3	-43.68
10404.6	-43.47
10416.0	-44.65
10427.2	-43.8
10438.2	-44.03
10449.3	-43.09
10460.9	-43.94
10472.5	-44.32
10483.6	-45.02
10493.9	-42.4
10504.1	-43.08
10514.7	-43.57
10526.0	-44.19
10537.9	-43.6
10549.7	-44.46
10561.6	-43.69
10573.3	-42.99
10584.3	-44.1
10595.5	-43.09
10607.1	-44.25
10618.7	-44.15
10630.2	-43.63
10641.7	-44.18
10653.1	-43.27
10664.4	-43.2
10675.8	-43.7
10687.4	-43.61
10699.1	-44.54
10710.9	-43.25
10722.1	-43.47
10733.2	-44.39
10744.1	-43.12
10755.1	-43.94
10766.2	-44.95
10776.5	-44.4
10787.3	-42.92
10798.5	-42.93
10809.5	-43.76
10820.5	-44.05
10831.8	-43.23
10843.2	-44.17
10854.7	-44.54
10865.9	-43.03
10876.7	-44.35
10887.4	-43.1
10898.0	-43.24
10908.9	-44.11
10920.3	-44.37
10932.2	-43.51
10944.0	-44.22
10955.9	-43.18
10968.0	-43.72
10980.3	-43.71
10992.3	-44.64
11003.7	-43.84
11014.9	-43.46
11025.8	-43.34
11037.4	-44.38
11049.5	-44.75
11061.5	-45.18
11073.3	-44.35
11084.5	-44.3
11095.5	-44.21
11107.1	-43.99
11118.6	-43.9
11130.9	-44.18
11143.0	-44.86
11155.0	-43.79
11167.3	-43.01
11177.7	-43.93
11189.0	-42.77
11200.3	-43.23
11211.5	-43.23
11222.5	-42.51
11233.0	-43.34
11244.2	-43.96
11256.0	-44.01
11267.9	-44.35
11279.4	-43.05
11290.6	-43.5
11301.7	-44.4
11312.7	-43.53
11324.0	-43.98
11335.2	-44.4
11345.9	-43.4
11357.0	-43.28
11368.4	-43.76
11380.0	-43.59
11391.7	-44.57
11403.4	-43.45
11415.3	-44.7
11426.9	-44.04
11438.5	-45.37
11450.0	-44.55
11461.3	-44.11
11472.6	-44.69
11484.2	-45.08
11496.1	-44.85
11508.1	-44.92
11518.9	-44.38
11528.8	-43.02
11539.2	-42.25
11550.4	-42.98
11561.6	-43.71
11572.5	-43.19
11583.0	-43.37
11593.1	-43.34
11603.2	-43.06
11613.7	-44.51
11624.5	-43.35
11635.4	-43.71
11646.4	-45.12
11657.6	-43.49
11668.2	-43.97
11678.3	-42.96
11688.2	-43.35
11698.0	-44.46
11707.8	-43.62
11717.5	-42.87
11727.3	-43.82
11737.4	-44.49
11747.9	-44.35
11758.5	-44.06
11769.2	-44.86
11779.8	-43.86
11790.5	-43.58
11801.1	-44.13
11811.8	-44.57
11822.4	-43.68
11833.0	-44.11
11844.2	-43.48
11855.6	-45.41
11866.5	-43.04
11876.9	-42.9
11887.2	-44.45
11897.2	-44.35
11908.8	-44.81
11920.5	-44.72
11931.6	-43.32
11942.1	-44.17
11953.1	-43.71
11964.2	-44.79
11974.8	-44.06
11986.1	-44.95
11997.3	-44.23
12008.3	-44.08
12019.3	-44.39
12030.4	-44.33
12041.8	-44.32
12053.2	-45.08
12064.7	-44.99
12076.2	-44.21
12087.8	-45.13
12099.2	-44.7
12110.6	-44.92
12122.0	-44.41
12133.5	-44.47
12144.9	-44.84
12156.2	-45.56
12167.3	-44.82
12178.2	-43.99
12189.2	-45.2
12200.8	-45.35
12213.1	-45.93
12225.4	-45.96
12237.0	-45.06
12247.9	-44.23
12258.8	-44.62
12269.2	-45.58
12281.2	-45.55
12293.3	-45.63
12305.0	-45.71
12316.4	-44.25
12327.8	-45.26
12340.9	-45.14
12352.8	-45.29
12364.8	-45
12377.0	-45.03
12389.5	-46.23
12402.1	-45.55
12414.9	-45.53
12427.8	-46.26
12441.1	-45.84
12453.8	-46.11
12466.2	-45.43
12478.8	-45.31
12491.6	-45.58
12504.8	-46.19
12517.5	-46.2
12530.1	-46.03
12542.8	-46.33
12556.3	-45.73
12569.1	-45.26
12581.6	-46.46
12594.2	-46.08
12607.6	-46.08
12620.9	-46.28
12633.7	-46.23
12647.2	-46.66
12660.9	-46.95
12674.6	-46.66
12687.6	-45.05
12701.0	-45.63
12715.1	-46.54
12730.0	-46.28
12744.8	-46.49
12758.1	-47.05
12770.8	-46.86
12783.4	-46.04
12798.7	-46.43
12813.7	-45.85
12827.4	-46.3
12841.1	-46.52
12855.5	-48.14
12870.5	-46.57
12886.8	-45.74
12903.2	-45.74
12918.6	-45.94
12932.9	-46.31
12947.7	-46.53
12960.5	-46.75
12974.3	-46.62
12989.0	-46.68
13004.1	-47.73
13019.2	-47.06
13034.0	-47.14
13049.8	-46.15
13064.8	-47.27
13079.7	-46.47
13093.7	-46.99
13107.7	-46.46
13121.7	-46.79
13135.9	-46.54
13149.1	-46.83
13162.5	-47.11
13176.7	-47.43
13192.3	-46.53
13207.0	-45.22
13220.7	-46.1
13234.3	-46.68
13246.9	-46.39
13258.5	-46.21
13270.2	-46.24
13282.7	-46.58
13296.1	-46.36
13309.4	-45.76
13323.6	-46.04
13337.6	-45.76
13351.7	-45.72
13366.3	-46.67
13381.5	-46.64
13394.4	-46.72
13407.6	-46.22
13423.1	-47.03
13438.0	-46.21
13451.7	-46.72
13465.6	-46.46
13479.5	-46.84
13493.8	-46.78
13509.8	-47.1
13524.5	-46.53
13538.5	-46.83
13551.8	-45.81
13565.2	-45.38
13578.7	-45.47
13592.3	-46.39
13607.3	-46.79
13622.6	-46.1
13636.7	-47.23
13650.4	-47.39
13663.9	-46.59
13677.4	-46.41
13692.4	-47.63
13707.2	-46.53
13721.1	-47.04
13734.9	-46.51
13748.7	-47.02
13762.6	-47.01
13777.2	-46.27
13791.5	-47.08
13805.2	-46.69
13819.1	-45.65
13833.5	-46.92
13849.5	-47.03
13863.4	-47.01
13878.6	-47.43
13893.6	-48.33
13908.1	-47.92
13921.5	-46.87
13933.9	-47.58
13948.1	-45.37
13962.4	-47.26
13976.9	-46.41
13991.4	-46.57
14005.3	-45.77
14018.7	-46.01
14032.0	-46.32
14046.0	-45.96
14060.8	-47.17
14075.7	-47.34
14089.7	-45.98
14103.3	-46.87
14117.0	-47.13
14130.7	-47.31
14145.2	-45.47
14159.6	-46.88
14173.6	-45.37
14187.0	-46.4
14200.4	-45.76
14214.4	-47.16
14229.1	-47.34
14243.7	-45.45
14257.5	-45.26
14270.7	-46.34
14283.8	-45.4
14297.0	-46.54
14310.5	-44.93
14323.9	-46.26
14337.2	-44.64
14350.1	-46.06
14363.0	-46.08
14376.2	-46.35
14389.9	-45.61
14403.6	-46.61
14417.5	-46.93
14431.7	-45.58
14445.8	-47.02
14459.7	-45.96
14473.3	-46.13
14486.0	-46.34
14499.0	-46.9
14513.4	-47.14
14528.0	-46.67
14542.3	-46.07
14556.0	-46.64
14569.7	-45.85
14582.8	-45.57
14594.1	-45.37
14605.5	-45.55
14617.6	-46.56
14630.5	-44.85
14643.5	-46.91
14656.4	-45.67
14669.2	-46.17
14682.0	-45.79
14695.0	-45.77
14708.0	-45.8
14721.0	-46.71
14734.3	-46.54
14748.4	-46.19
14761.8	-46.59
14775.0	-46.26
14787.0	-46.78
14798.2	-45.7
14811.5	-45.32
14823.3	-46.16
14835.1	-46.85
14846.7	-45.46
14858.0	-45.14
14869.4	-46.79
14881.3	-47.59
14896.1	-46.57
14907.0	-45.84
14919.3	-46.13
14931.3	-46.34
14942.4	-46.23
14953.7	-46.72
14966.2	-45.99
14978.7	-46.64
14991.3	-47.13
15004.0	-46.51
15016.7	-46.02
15028.8	-45.4
15040.2	-45.67
15051.7	-46.03
15064.5	-46.46
15077.8	-46.46
15091.1	-46.32
15104.4	-46.26
15117.8	-47.04
15131.2	-47.06
15144.9	-47.39
15158.9	-46.87
15171.8	-47.13
15183.9	-46.32
15196.4	-46.71
15210.0	-46.14
15224.3	-46.91
15238.7	-47.14
15253.0	-47.35
15267.0	-46.48
15280.4	-46.07
15293.4	-47.07
15306.4	-46.56
15319.5	-46.72
15332.7	-46.48
15345.9	-46.78
15359.0	-46.08
15372.2	-46.86
15385.0	-46.85
15397.6	-45.64
15410.2	-46.58
15423.0	-46.91
15436.2	-45.84
15449.3	-46.86
15463.1	-46.72
15477.7	-47.7
15492.2	-47.19
15506.4	-47.02
15522.3	-46.05
15536.0	-45.52
15548.9	-46.27
15562.1	-46.95
15575.3	-46.75
15588.8	-46.71
15602.8	-46.9
15617.5	-47.13
15632.2	-47.02
15646.9	-46.36
15661.7	-47.42
15675.9	-45.93
15689.6	-46.51
15703.4	-46.61
15717.6	-47.24
15732.2	-46.74
15746.9	-46.74
15761.3	-46.76
15775.3	-46.69
15789.4	-46.25
15803.3	-46.16
15816.9	-47.16
15830.2	-46.11
15843.0	-46.47
15856.3	-46.74
15869.6	-47.93
15882.3	-46.58
15894.4	-45.98
15907.4	-46.46
15920.8	-46.64
15934.5	-47.1
15948.2	-46.14
15962.2	-45.74
15976.4	-46.75
15991.1	-45.75
16005.9	-46.54
16020.7	-47.88
16035.9	-47.63
16051.4	-48.2
16067.3	-48.38
16083.3	-47.02
16098.4	-46.95
16112.8	-46.86
16127.1	-47.1
16142.4	-47.32
16159.6	-47.88
16176.2	-47.97
16192.2	-47.23
16208.9	-47.39
16227.4	-47.65
16244.6	-48.51
16260.5	-48.1
16276.4	-47.69
16292.4	-48.52
16308.3	-47.89
16324.3	-48.04
16340.3	-47.29
16356.1	-47.39
16373.1	-47.52
16390.6	-48.13
16408.2	-48.28
16424.6	-47.2
16441.3	-48.94
16458.5	-47.38
16476.6	-48.46
16493.7	-48.39
16509.7	-46.83
16525.7	-45.81
16542.4	-47.22
16559.6	-47.69
16576.9	-47.88
16594.9	-48.51
16613.7	-49.47
16632.5	-47.11
16650.1	-48.07
16667.5	-49.36
16685.7	-48.5
16703.3	-48.43
16720.3	-47.49
16737.3	-48.26
16754.9	-48.47
16772.9	-49.1
16790.9	-47.99
16808.0	-48.55
16824.9	-47.18
16842.1	-48.17
16859.7	-49.22
16877.2	-47.71
16893.9	-48.33
16910.4	-49.22
16927.0	-48.58
16943.5	-47.55
16959.9	-49.09
16977.0	-49.74
16994.1	-49.02
17010.8	-48.18
17027.0	-49.02
17043.2	-49.17
17059.6	-49.3
17075.8	-48.66
17091.9	-48.97
17109.5	-48.7
17126.7	-49.03
17143.8	-49.17
17160.4	-48.44
17176.5	-48.09
17192.5	-48.58
17208.8	-48.22
17225.4	-49.17
17242.0	-48.66
17258.3	-48.22
17274.3	-48.97
17290.3	-47.89
17306.9	-49.71
17324.2	-48.36
17341.5	-49
17358.9	-49.4
17376.4	-48.84
17393.9	-49.07
17411.3	-48.63
17428.5	-48.63
17445.8	-49.33
17462.9	-49.06
17479.9	-48.85
17496.9	-48.68
17513.7	-49.37
17530.2	-48.19
17546.7	-48.33
17563.8	-48.7
17581.4	-49.09
17599.0	-49.72
17617.5	-49.56
17636.8	-50.22
17656.0	-49.93
17675.2	-50.48
17694.4	-48.87
17713.5	-50.26
17732.6	-49.7
17751.6	-50.06
17770.7	-49.58
17789.6	-49.41
17808.3	-49.63
17827.1	-49.93
17846.3	-49.45
17866.0	-50.92
17885.7	-49.78
17904.9	-49.31
17923.7	-50.06
17942.6	-49.54
17961.3	-49.39
17980.1	-49.11
17998.8	-50.23
18017.9	-50.16
18037.3	-49.45
18056.8	-49.86
18076.7	-49.84
18097.1	-50.22
18117.6	-50.55
18137.9	-50.26
18158.0	-49.8
18178.1	-50.01
18198.2	-49.95
18218.1	-50.08
18238.0	-49.58
18257.5	-50.17
18278.1	-49.57
18299.3	-48.7
18320.1	-49.17
18340.4	-49.48
18360.7	-48.52
18381.3	-48.78
18402.2	-49.72
18423.1	-49.22
18444.2	-50.14
18464.9	-49.02
18484.0	-49.14
18503.0	-49.36
18522.6	-49.17
18543.7	-49.45
18565.8	-50.28
18588.9	-49.58
18608.1	-50.25
18627.7	-50.16
18647.7	-51.25
18669.7	-49.82
18690.4	-50.21
18710.8	-49.57
18731.2	-50.83
18752.0	-50.45
18773.0	-50.77
18794.0	-50.04
18815.5	-50.11
18837.8	-49.68
18859.6	-50.27
18881.0	-50.36
18901.8	-49.98
18922.8	-48.62
18944.8	-50.39
18967.9	-51.02
18990.9	-49.78
19013.3	-50.28
19033.2	-51.02
19058.2	-49.61
19082.6	-50.07
19105.3	-49.16
19128.0	-48.25
19152.2	-50.04
19177.8	-50.07
19203.3	-50.25
19228.2	-49.4
19252.4	-49.79
19276.5	-49.79
19300.4	-49.43
19324.1	-49.95
19347.6	-49.09
19370.2	-50.12
19393.3	-49.71
19416.4	-49.68
19439.4	-48.95
19462.5	-49.82
19485.7	-50.82
19508.2	-48.52
19529.7	-49.34
19552.2	-48.66
19576.1	-50.47
19601.8	-50.17
19627.5	-49.64
19652.7	-49.33
19677.3	-49.87
19701.9	-50.07
19727.4	-50.07
19753.7	-51.58
19780.1	-49.41
19805.0	-49.54
19828.5	-49.75
19851.9	-48.89
19875.7	-49.25
19899.8	-50.18
19924.0	-49.46
19949.1	-49.34
19974.5	-51.29
20000.0	-50.71
20024.6	-49.83
20048.4	-50
20072.2	-49.88
20095.4	-49.46
20118.9	-50.23
20142.3	-48.74
20167.7	-50.17
20192.5	-49.38
20216.9	-50.68
20239.9	-49.47
20262.9	-50.9
20286.8	-49.99
20311.6	-49.86
20336.1	-49.46
20362.1	-50.18
20388.2	-49.51
20412.2	-49.74
20436.0	-50.2
20460.8	-49.49
20486.1	-49.47
20511.5	-50.55
20536.6	-49.37
20562.3	-49.97
20587.6	-49.74
20610.6	-49.47
20632.6	-49.23
20654.7	-48.36
20678.1	-50.04
20703.0	-49.72
20727.2	-50.38
20750.8	-50.05
20774.2	-50.15
20797.5	-49.45
20820.6	-51.74
20843.1	-50.99
20865.8	-49.66
20888.7	-50.15
20913.9	-50.08
20937.9	-49.48
20961.5	-49.22
20985.6	-50.71
21009.9	-49.95
21034.9	-50.62
21060.8	-50.66
21086.7	-50.84
21112.5	-50.66
21138.1	-50.48
21163.8	-50.77
21188.1	-49.71
21211.3	-50.01
21234.4	-49.7
21257.4	-48.89
21280.7	-50.44
21304.4	-49.76
21328.6	-50.66
21354.1	-50.26
21379.6	-49.07
21404.5	-50.71
21428.7	-48.93
21452.4	-49.06
21475.8	-50.15
21499.2	-49.99
21522.6	-49.83
21546.4	-50.52
21570.6	-49.94
21594.2	-50.44
21618.2	-50.82
21642.9	-50.51
21667.6	-51.11
21691.0	-50.13
21713.4	-50.05
21736.5	-50.29
21759.4	-49.95
21781.8	-49.58
21804.2	-49.68
21828.2	-50.96
21851.1	-50.79
21875.4	-50.99
21899.9	-49.57
21923.1	-51.21
21946.1	-49.98
21968.7	-51.19
21991.1	-48.99
22013.6	-50.42
22036.4	-50.94
22059.7	-50.13
22083.0	-50.44
22106.3	-50.09
22129.5	-50.62
22153.2	-50.71
22177.3	-50.24
22200.2	-50.81
22222.9	-50.26
22245.9	-49.84
22268.1	-50.67
22290.4	-49.83
22312.7	-50.22
22335.1	-50.25
22357.4	-49.96
22379.8	-49.65
22402.5	-50.13
22426.0	-50.47
22449.2	-50.99
22471.9	-49.71
22494.3	-50.77
22516.9	-50.28
22539.6	-50.39
22560.9	-50.72
22582.4	-51.09
22606.4	-50.44
22630.6	-50.28
22653.2	-51.17
22675.6	-50.48
22698.0	-49.66
22719.8	-49.21
22741.1	-50.36
22762.4	-50.42
22782.9	-50.52
22803.7	-49.71
22824.5	-50.73
22845.7	-50.86
22867.3	-50.56
22889.2	-50.36
22910.7	-50.5
22931.1	-50.11
22950.7	-49.38
22970.6	-49.83
22990.8	-50.48
23010.9	-50.37
23031.0	-50.23
23051.0	-49.28
23071.7	-50.75
23093.0	-51.01
23114.8	-49.9
23136.8	-50.55
23157.9	-50.18
23178.0	-49.91
23198.1	-49
23219.5	-50.88
23241.5	-50.25
23263.6	-49.32
23285.0	-49.88
23305.7	-48.95
23326.4	-49.97
23347.1	-49.86
23367.5	-49.02
23387.5	-49.87
23408.2	-48.95
23427.5	-49.26
23447.6	-49.71
23467.7	-49.02
23488.0	-50.07
23508.4	-49.19
23529.2	-50.25
23549.4	-49.67
23567.3	-49.26
23586.3	-49.64
23606.5	-49.91
23626.8	-49.87
23646.0	-48.69
23664.3	-49.64
23682.6	-48.58
23701.3	-50.35
23720.5	-48.88
23739.7	-48.99
23759.4	-50.73
23779.5	-49.22
23799.3	-49.63
23818.8	-49.09
23838.0	-49.78
23857.1	-50.06
23876.2	-49.56
23895.1	-50
23914.0	-48.98
23933.8	-49.73
23954.2	-49.53
23974.7	-51.2
23994.7	-50.08
24014.3	-49.96
24033.8	-50.85
24053.3	-49.91
24073.8	-50.04
24096.5	-50.73
24118.3	-50.76
24138.8	-50.01
24159.3	-49.56
24180.9	-50.63
24203.7	-51.08
24226.5	-51.24
24248.6	-50.84
24270.0	-50.43
24291.9	-50.19
24314.3	-50.76
24337.0	-51.16
24359.0	-50.42
24381.1	-50.89
24403.4	-51.4
24425.7	-50.42
24447.5	-50.5
24469.3	-50.73
24491.6	-49.74
24514.4	-50.67
24536.9	-50.58
24556.9	-50.45
24578.8	-50.81
24600.2	-50.89
24621.5	-51.17
24644.1	-51.11
24667.1	-50.73
24690.0	-50.56
24712.4	-49.88
24734.2	-51.01
24756.0	-50.22
24778.3	-49.6
24800.3	-50.81
24821.8	-51.82
24843.5	-51
24865.1	-50.43
24887.0	-51.38
24908.4	-50.24
24929.4	-51.36
24950.4	-51.08
24971.1	-51.06
24993.2	-49.8
25015.3	-49.67
25038.6	-50.71
25059.5	-51
25081.9	-50.61
25103.5	-51.33
25124.4	-50.79
25145.6	-51.56
25167.9	-50.28
25192.2	-50.8
25211.9	-50.37
25232.0	-50.16
25252.8	-49.27
25273.6	-50.61
25295.3	-50.17
25317.9	-50.52
25339.7	-51.46
25360.5	-50.37
25380.6	-50.49
25401.5	-49.94
25424.0	-50.98
25445.2	-50.24
25465.2	-49.92
25485.6	-50.48
25506.3	-50.98
25527.0	-50.52
25548.4	-50.86
25570.4	-52.22
25592.5	-50.59
25613.4	-50.25
25633.4	-49.96
25653.8	-50.59
25674.4	-50.35
25695.5	-51.13
25716.6	-50.15
25738.7	-51.3
25761.4	-50.78
25781.3	-50.79
25802.4	-50.16
25825.1	-51.11
25847.8	-50.86
25870.3	-50.29
25892.7	-50.2
25913.0	-51.27
25932.9	-50.41
25951.8	-50.95
25974.9	-51.22
25998.0	-50.73
26020.6	-50.36
26042.7	-51.1
26064.1	-50.93
26086.2	-49.91
26105.3	-50.84
26128.9	-50.73
26155.2	-52.04
26179.1	-50.75
26200.3	-49.95
26220.1	-49.82
26240.4	-50.38
26262.1	-50.3
26283.8	-50.55
26306.8	-50.94
26331.0	-50.97
26354.7	-51.44
26373.7	-49.88
26395.6	-49.67
26416.6	-50.54
26437.6	-49.86
26458.3	-49.71
26478.6	-49.52
26498.9	-49.91
26522.6	-50.08
26547.9	-50.64
26571.4	-51.26
26594.4	-50.46
26617.2	-50.27
26639.6	-51.02
26661.3	-50.32
26682.4	-49.15
26703.6	-50.97
26725.6	-50.49
26748.4	-51.34
26771.2	-50.31
26796.6	-51.09
26820.5	-50.01
26843.8	-50.99
26866.9	-50.44
26889.7	-50.44
26912.5	-50.69
26935.8	-52.84
26959.4	-49.89
26983.1	-50.11
27008.5	-50.93
27034.3	-50.46
27060.8	-52.05
27087.1	-51.6
27113.8	-50.33
27139.0	-49.69
27163.6	-51.03
27190.1	-50.57
27216.6	-52.02
27241.7	-51.07
27266.0	-49.86
27290.2	-49.83
27315.4	-50.74
27340.1	-50.57
27364.7	-51.16
27389.0	-50.75
27413.0	-50.37
27436.9	-50.29
27460.8	-50.65
27484.6	-50.03
27508.8	-50.09
27532.4	-50.16
27553.2	-50.73
27578.8	-50.61
27603.7	-49.4
27627.9	-51.26
27652.1	-49.18
27675.9	-48.92
27699.4	-49.53
27723.0	-50.04
27747.0	-49.08
27771.3	-49.61
27795.6	-49.7
27820.0	-49.41
27844.7	-49.69
27869.4	-49.51
27891.2	-49.51
27914.2	-49.65
27939.4	-49.27
27963.9	-49.54
27987.5	-48.49
28011.1	-48.49
28035.4	-49.22
28060.2	-49.77
28085.1	-48.4
28110.7	-50.18
28136.8	-48.97
28163.0	-49.18
28187.4	-49.86
28211.9	-49.22
28234.9	-49.41
28260.1	-49.17
28285.5	-49.52
28310.9	-49.75
28335.7	-48.27
28360.8	-48.82
28386.0	-50.03
28412.2	-49.36
28441.0	-49.75
28470.2	-49.73
28498.6	-49.95
28526.4	-48.86
28554.2	-50.29
28582.9	-50.47
28612.6	-50.46
28641.7	-49.45
28668.5	-49.74
28694.5	-49
28720.4	-49.66
28747.1	-50.37
28774.5	-49.51
28804.0	-49.54
28833.2	-48.5
28860.7	-48.43
28888.2	-48.78
28916.7	-48.96
28947.9	-48.76
28974.9	-48.94
29001.5	-48.4
29027.1	-48.24
29053.8	-47.75
29082.9	-47.59
29112.1	-49.46
29136.8	-48.04
29162.9	-49.13
29190.5	-48.77
29218.1	-49.55
29244.9	-48.61
29271.0	-47.76
29297.0	-49.36
29323.7	-48.08
29350.2	-49.03
29376.7	-48.09
29401.6	-48.18
29425.4	-47.85
29449.3	-47.18
29473.4	-47.93
29497.8	-48.05
29522.1	-47.66
29547.5	-48.96
29573.8	-48.56
29600.2	-48.01
29626.0	-49.01
29651.1	-47.67
29675.6	-47.65
29698.3	-48.58
29724.6	-48.75
29753.7	-49.19
29781.4	-47.53
29807.9	-48.06
29834.3	-48.39
29860.9	-48.82
29887.8	-46.91
29914.7	-48.75
29941.5	-48.93
29968.1	-47.82
29994.0	-47.51
30019.8	-47.77
30045.4	-48.51
30071.1	-47.65
30097.3	-48.05
30124.2	-48.46
30151.0	-48.56
30179.4	-48.67
30209.2	-49.06
30238.2	-50.07
30267.0	-49.11
30295.5	-49.29
30324.1	-48.99
30353.5	-49.64
30383.8	-49.5
30414.0	-49.68
30444.0	-49.5
30471.9	-49.56
30498.0	-49.21
30524.2	-49.77
30550.5	-48.68
30577.0	-50.11
30605.2	-49.59
30633.4	-49.33
30661.6	-49.52
30688.6	-48.54
30714.0	-47.58
30739.4	-49.13
30765.3	-48.76
30791.8	-48.37
30818.3	-49.21
30845.6	-49.52
30873.3	-49.18
30901.6	-48.27
30930.3	-49.61
30959.5	-48.92
30988.7	-49.28
31017.8	-49.32
31046.6	-48.53
31075.5	-49.83
31102.9	-49.34
31128.0	-49.2
31153.1	-49.76
31178.1	-49.17
31202.8	-48.85
31227.6	-50.02
31253.2	-49.99
31279.6	-49.94
31306.0	-49.75
31332.9	-49.2
31361.7	-50.62
31391.5	-48.93
31420.7	-48.91
31450.1	-49.89
31480.6	-50.49
31515.9	-50.74
31547.8	-48.88
31579.2	-50.05
31614.0	-49.78
31647.7	-49.02
31681.4	-49.31
31720.7	-49.83
31758.7	-49.41
31793.2	-49.8
31828.1	-49.88
31863.8	-50.55
31901.8	-49.33
31940.0	-49.45
31979.2	-49.85
32018.3	-49.18
32058.1	-50.35
32098.7	-49.54
32139.2	-49.61
32177.3	-49
32213.2	-49.33
32249.9	-47.97
32286.9	-48.91
32324.0	-49.22
32361.1	-48.38
32400.4	-50.66
32441.9	-50.15
32480.0	-48.57
32516.1	-49.17
32552.4	-47.32
32585.6	-48.56
32619.9	-48.78
32655.4	-48.65
32690.6	-49.25
32722.7	-47.31
32753.0	-48.86
32783.3	-49.21
32810.5	-48.41
32836.7	-49.19
32862.8	-48.48
32889.0	-48.83
32915.2	-48.73
32941.4	-48.48
32967.3	-47.87
32992.8	-49.32
33018.4	-48.26
33045.1	-48.98
33073.0	-49.42
33100.8	-49.18
33131.3	-49.19
33162.8	-49.84
33194.4	-49.18
33226.0	-49.9
33257.6	-49.35
33287.4	-49.11
33312.2	-48.91
33336.3	-48.97
33363.3	-49.69
33389.4	-49.65
33414.6	-49.65
33439.8	-50.29
33464.6	-48.56
33489.3	-49.5
33514.9	-48.88
33541.8	-48.8
33569.1	-49.13
33596.4	-48.95
33628.2	-48.45
33660.0	-48.81
33688.7	-49.12
33716.7	-48.78
33744.5	-48.74
33772.4	-48.68
33801.1	-49.81
33830.6	-48.42
33861.0	-49.45
33888.0	-48.53
33919.6	-48.55
33951.2	-49.7
33982.6	-49.28
34014.0	-49.2
34045.1	-48.06
34074.7	-48.99
34104.6	-48.48
34134.6	-49.42
34164.0	-48.21
34193.0	-48.26
34222.6	-48.9
34252.9	-48.55
34284.0	-49.11
34315.1	-48.81
34348.8	-49.49
34385.0	-49.95
34421.2	-50.76
34457.0	-49.44
34488.3	-49.86
34520.8	-49.15
34549.7	-49.23
34583.0	-49.38
34613.2	-49.71
34644.1	-49.54
34675.6	-50.21
34706.8	-49.51
34735.3	-48.6
34765.6	-48.47
34793.6	-49.68
34823.3	-48.96
34851.9	-50
34879.7	-49.18
34908.8	-50.44
34940.3	-50.04
34966.1	-49.75
34996.8	-49.58
35025.9	-49.47
35054.0	-49.84
35081.0	-49.48
35109.2	-49.14
35138.3	-49.18
35166.4	-47.72
35193.5	-49.76
35220.6	-48.6
35247.2	-49.31
35273.7	-49.4
35300.2	-49.62
35328.2	-48.2
35354.2	-49.07
35380.4	-47.1
35407.9	-49.43
35436.2	-48.41
35463.1	-48.96
35489.8	-48.39
35516.2	-48.44
35542.9	-49.53
35569.9	-49.01
35597.2	-49.05
35624.5	-48.86
35651.3	-49.04
35677.6	-48.27
35704.0	-48.77
35730.8	-48.33
35757.1	-48.1
35778.5	-48.85
35803.0	-47.41
35828.2	-48.49
35853.4	-47.63
35879.5	-48.03
35904.2	-48.69
35928.6	-48.58
35952.7	-48.39
35976.8	-48.34
36003.0	-48.28
36030.4	-48.25
36054.5	-48.16
36079.2	-47.85
36103.7	-48.48
36127.9	-48.3
36152.0	-48.44
36176.7	-48.86
36202.0	-49.01
36226.2	-48.74
36250.3	-49.68
36274.3	-48.33
36298.3	-48.61
36322.4	-48.66
36346.7	-48.98
36371.0	-49.5
36395.3	-48.95
36418.8	-48.96
36442.2	-49.46
36466.1	-48.62
36489.8	-48.77
36513.2	-48.27
36537.8	-48.91
36563.7	-49.55
36589.2	-50.05
36613.3	-48.82
36636.0	-48.01
36658.7	-49.07
36683.1	-50.34
36709.1	-49.6
36735.0	-49.57
36759.8	-48.64
36785.4	-48.83
36812.9	-49.66
36839.3	-50.07
36867.1	-50.46
36895.1	-49.38
36922.9	-49.73
36950.5	-49.81
36978.1	-50.05
37005.1	-49.54
37031.6	-49.92
37058.1	-49.29
37084.6	-49.79
37111.2	-50.2
37137.8	-49.02
37163.8	-48.96
37189.3	-49.11
37214.7	-49.93
37241.6	-48.86
37269.1	-49.55
37296.6	-49.37
37323.3	-48.3
37349.2	-49.13
37376.5	-49.03
37404.2	-49.15
37432.1	-49.17
37460.0	-49.99
37487.7	-49.62
37513.8	-48.53
37537.2	-49.07
37563.9	-48.98
37591.8	-48.84
37618.7	-48.73
37645.4	-48.33
37671.8	-48.85
37698.2	-48.9
37724.9	-48.57
37751.7	-48.82
37778.6	-49.25
37806.1	-48.93
37834.1	-49.49
37862.2	-49.39
37888.7	-48.05
37916.2	-48.28
37944.4	-48.83
37972.7	-48.43
38001.4	-48.31
38028.3	-49.03
38054.9	-47.65
38082.2	-48.3
38108.0	-47.51
38133.6	-48.12
38158.9	-47.65
38185.2	-47.34
38210.0	-47.14
38234.8	-47.37
38260.6	-49.39
38287.0	-48.25
38313.8	-48.63
38340.2	-48.29
38365.9	-47.5
38390.3	-47.56
38414.7	-47.51
38439.8	-47.82
38464.8	-48.12
38488.7	-48.18
38513.7	-48.24
38538.6	-47
38563.5	-48.74
38586.0	-47.54
38608.6	-48.55
38631.6	-48.36
38654.6	-47.6
38677.9	-47.58
38701.3	-46.97
38723.6	-47.24
38742.8	-47.46
38764.3	-48.51
38787.0	-48.32
38809.3	-46.81
38831.7	-47.28
38853.8	-47.63
38876.0	-47.6
38898.3	-47.56
38921.0	-47.78
38943.4	-48.03
38964.8	-48.1
38985.7	-47.27
39006.2	-47.36
39027.4	-48.21
39049.0	-47.7
39070.6	-47.77
39090.8	-47.28
39111.1	-48.21
39131.5	-47.23
39151.5	-47.38
39172.1	-47.57
39193.0	-47.67
39213.9	-47.25
39235.0	-47.41
39256.2	-48.86
39277.4	-46.66
39298.1	-47.4
39318.2	-47.04
39338.4	-46.93
39358.2	-46.93
39377.4	-47.34
39396.6	-47.36
39416.3	-48.06
39436.6	-46.91
39456.8	-47.95
39477.9	-48.51
39500.0	-48.51
39522.1	-48.19
39543.7	-48.24
39564.6	-47.38
39585.5	-48.12
39608.4	-47.66
39634.5	-49.19
39660.3	-48.94
39685.6	-47.57
39707.7	-48.67
39728.6	-48.55
39750.5	-49.25
39773.6	-50.15
39798.1	-47.94
39822.5	-48.82
39846.5	-48.79
39870.4	-48.55
39895.9	-49.19
39922.8	-49.87
39949.7	-49.88
39976.2	-49.55
40002.2	-49.41
40028.8	-49.53
40056.5	-49.5
40084.4	-50.3
40112.2	-48.87
40139.7	-49.37
40168.4	-48.55
40199.5	-49.89
40230.9	-49.86
40261.5	-48.44
40290.5	-49.7
40319.4	-49.25
40348.6	-49.03
40378.6	-49.29
40409.6	-49.1
40438.9	-49.18
40468.5	-48.34
40498.8	-49.3
40529.7	-48.69
40558.8	-49.38
40587.0	-48.75
40613.4	-49.39
40639.7	-48.86
40666.2	-49.06
40692.8	-48.86
40719.5	-49.16
40746.5	-49.35
40773.9	-49.63
40801.3	-48.62
40828.8	-49.14
40856.5	-49.04
40884.2	-49.48
40912.0	-49.03
40939.8	-48.63
40967.7	-49.93
40996.5	-49.85
41026.4	-49
41055.7	-50.32
41084.3	-48.94
41113.1	-49.87
41142.3	-49.52
41172.5	-50.26
41203.6	-49.71
41234.7	-49.74
41264.9	-49.1
41294.2	-50.14
41321.6	-48.85
41348.0	-49.21
41373.3	-48.48
41398.7	-48.31
41424.3	-49.03
41449.7	-48.04
41475.1	-49.67
41500.9	-49.12
41527.6	-48.92
41554.5	-49.37
41580.7	-48.84
41606.3	-49.08
41632.0	-48.23
41657.3	-47.73
41682.4	-48.65
41707.4	-49.05
41733.4	-49.45
41760.3	-48.87
41787.2	-48.77
41812.8	-48.07
41837.1	-48.57
41861.4	-47.6
41886.4	-48.71
41912.0	-48.43
41937.7	-48.35
41964.8	-49.12
41993.4	-49.36
42022.1	-49.59
42050.6	-48.7
42076.4	-48.8
42102.2	-49.37
42128.1	-49.09
42154.3	-48.73
42182.6	-49.28
42209.7	-49.35
42235.9	-48.81
42263.6	-48.94
42291.2	-50.24
42319.2	-49.65
42347.2	-49.97
42374.9	-49.2
42402.0	-49.41
42434.4	-50.35
42462.3	-48.32
42492.6	-48.9
42523.0	-49.07
42554.7	-49.41
42584.6	-49.42
42614.0	-49.55
42643.1	-49.68
42672.0	-49.19
42701.4	-48.92
42731.4	-49.02
42762.0	-48.26
42793.9	-49.38
42821.7	-49.28
42849.5	-48.5
42878.4	-49.08
42908.0	-49.41
42939.0	-49.22
42971.3	-49.13
42998.1	-48.79
43025.3	-48.85
43055.2	-49.94
43084.7	-49.24
43115.2	-48.94
43145.6	-48.22
43176.3	-48.76
43207.2	-48.65
43238.1	-49.16
43268.5	-48.59
43298.4	-47.77
43329.4	-48.86
43361.0	-47.9
43392.5	-48.36
43422.2	-48.58
43452.3	-47.99
43482.7	-48.47
43513.4	-48.89
43543.0	-49.11
43572.2	-48.32
43601.8	-48.35
43633.1	-48.68
43662.2	-48.78
43689.8	-47.95
43717.8	-48.8
43745.8	-48.58
43773.4	-48.54
43801.0	-48.46
43828.7	-48.77
43856.9	-47.37
43886.8	-48.36
43916.8	-47.76
43946.9	-47.82
43977.0	-48.29
44007.2	-47.86
44037.4	-47.89
44067.6	-48.35
44096.8	-47.5
44126.1	-47.98
44155.9	-47.98
44185.8	-48.13
44215.6	-48.95
44245.4	-48.73
44275.3	-49.01
44305.1	-49.06
44335.0	-48.52
44364.8	-48.69
44394.7	-49.5
44424.5	-49.41
44454.9	-49.55
44485.7	-49.55
44516.0	-49.76
44546.1	-48.07
44576.3	-48.11
44607.6	-48.19
44639.6	-48.34
44672.8	-49.57
44706.3	-49.08
44738.5	-48.55
44769.4	-47.22
44800.3	-48.53
44831.3	-48.66
44862.3	-47.72
44893.9	-47.77
44926.7	-48.33
44959.4	-49.31
44991.8	-49.55
45023.8	-49.05
45055.6	-48.33
45088.3	-48.62
45122.1	-49.16
45156.8	-49.94
45191.4	-48.81
45224.4	-48.6
45257.4	-47.95
45290.7	-49.23
45324.5	-48.62
45358.2	-48.08
45390.7	-47.88
45422.0	-47.94
45453.3	-48.01
45485.5	-48.07
45518.0	-49.18
45551.0	-47.86
45583.5	-48.11
45615.6	-47.07
45648.3	-49.04
45681.9	-47.81
45716.4	-48.85
45753.5	-48.6
45789.1	-48.01
45824.1	-47.78
45859.1	-48.18
45894.3	-48.06
45927.4	-48.81
45960.3	-48.72
45995.4	-47.6
46029.4	-47.88
46064.1	-48.31
46099.5	-46.75
46133.4	-47.36
46167.5	-47.18
46201.8	-47.44
46237.1	-47.78
46272.3	-48.68
46305.1	-46.6
46338.6	-46.6
46372.3	-46.59
46408.4	-47.54
46445.6	-48.17
46481.9	-47.59
46517.4	-47.5
46552.2	-47.46
46587.0	-47.09
46620.5	-46.59
46655.5	-47.53
46689.9	-46.69
46725.6	-46.87
46760.9	-47.16
46793.7	-46.99
46827.7	-47.66
46862.9	-47.43
46898.1	-47.65
46932.3	-47.34
46965.9	-47.42
46999.0	-46.86
47031.4	-47.63
47063.3	-46.62
47095.1	-46.34
47127.2	-46.99
47159.5	-46.95
47190.6	-46.84
47220.7	-46.27
47250.5	-46.71
47280.3	-47.2
47310.9	-47.17
47338.0	-47.36
47365.2	-47.36
47396.4	-47.57
47427.0	-47.33
47454.9	-47.19
47482.1	-47.09
47510.5	-46.86
47539.9	-47.07
47569.7	-47.26
47599.7	-47.15
47627.4	-47.39
47655.2	-47.85
47682.5	-46.98
47709.9	-47.41
47737.1	-46.94
47764.1	-47.73
47790.3	-47.11
47815.4	-47.03
47840.0	-46.95
47864.5	-46.55
47889.5	-47.25
47915.0	-46.8
47940.5	-47.58
47965.6	-46.52
47990.3	-46.71
48014.9	-47.57
48040.2	-47.13
48066.1	-47.56
48092.0	-47.44
48117.7	-47.26
48143.4	-47.5
48169.1	-47.3
48194.4	-46.76
48217.6	-46.99
48240.0	-47.53
48262.9	-46.89
48286.4	-48.05
48312.7	-47.89
48340.5	-48.54
48369.7	-48.41
48399.0	-48.97
48428.5	-48.86
48458.1	-48.32
48489.4	-49.24
48518.0	-49.23
48546.6	-48.57
48575.9	-48.95
48605.0	-48.62
48635.7	-48.96
48666.3	-48.47
48698.4	-49.76
48731.9	-49.42
48765.4	-49.22
48796.3	-48.85
48825.7	-49.26
48855.1	-49.07
48885.1	-49.29
48920.0	-49.26
48955.4	-49.36
48990.6	-48.44
49024.5	-48.48
49058.5	-48.87
49092.1	-47.57
49131.6	-49.02
49170.4	-49.93
49206.8	-48.41
49242.7	-48.38
49279.4	-48.67
49316.5	-48.56
49352.6	-48.94
49389.3	-48.42
49423.1	-49.31
49456.6	-48.56
49489.9	-48.89
49523.2	-48.31
49553.2	-49.89
49583.2	-48.64
49611.7	-48.11
49638.7	-48.41
49665.7	-47.42
49693.6	-48.62
49722.4	-48.62
49751.1	-48.13
49780.7	-49.23
49811.2	-48.97
49841.6	-48.6
49871.5	-48.96
49900.8	-47.78
49930.0	-48.95
49962.2	-48.3
49996.1	-48.98
50029.9	-48.92
50060.6	-49.26
50089.8	-49.18
50119.1	-48.99
50148.5	-49.25
50178.7	-49.81
50212.9	-48.53
50243.8	-48.86
50272.1	-48.38
50300.5	-48.15
50329.9	-49.15
50360.4	-49.19
50391.0	-48.95
50420.5	-48.54
50447.7	-48.11
50475.0	-49.26
50502.5	-49.14
50530.3	-48.62
50558.7	-48.73
50588.0	-49.07
50617.6	-47.92
50646.9	-47.92
50676.9	-49.16
50707.3	-48.64
50740.5	-48.33
50773.3	-49.53
50805.7	-47.19
50837.9	-49.06
50870.3	-48.78
50903.0	-48.75
50936.0	-48.45
50968.4	-48.79
51000.1	-48.58
51031.7	-47.98
51063.3	-48.53
51096.6	-48.46
51130.5	-48.3
51164.3	-47.98
51197.9	-48.3
51231.8	-48.94
51265.7	-48.92
51299.2	-47.82
51332.8	-48.09
51367.3	-48.3
51402.5	-49.13
51437.8	-48.71
51471.3	-47.67
51503.1	-47.81
51534.9	-48.05
51567.7	-48.06
51601.5	-48.59
51635.3	-48.49
51668.0	-46.97
51699.5	-48.5
51730.9	-47.91
51763.7	-48.05
51798.3	-47.28
51829.4	-47.98
51861.6	-49.05
51895.3	-48.32
51928.9	-48.29
51961.8	-47.87
51991.6	-47.94
52021.0	-48.72
52050.3	-48.34
52082.4	-48.16
52115.9	-47.86
52148.4	-48.42
52179.1	-47.58
52208.1	-47.63
52241.2	-47.96
52274.2	-48.39
52303.4	-47.6
52332.2	-47.85
52360.6	-47.53
52389.0	-47.85
52417.7	-47.91
52446.7	-47.71
52473.6	-48.27
52501.5	-47.51
52533.1	-48.03
52564.9	-46.82
52598.1	-48.24
52630.7	-48.36
52662.6	-47.68
52694.1	-47.66
52725.4	-48.11
52756.8	-48.25
52787.7	-47.09
52823.3	-47.87
52855.3	-48
52888.1	-48.62
52921.3	-47.69
52950.2	-48.41
52984.3	-47.38
53016.1	-47.91
53048.4	-47.88
53081.9	-48.35
53114.3	-48.17
53146.8	-48.63
53179.0	-48.74
53212.7	-48.33
53251.8	-47.81
53290.6	-47.91
53328.0	-47.34
53365.3	-47.29
53403.4	-47.78
53442.3	-47.74
53481.2	-48.13
53520.0	-47.48
53559.1	-48.61
53599.6	-47.59
53640.3	-47.68
53681.2	-48.59
53722.1	-47.7
53763.4	-47.86
53811.1	-48.35
53856.1	-48.2
53893.2	-47.74
53929.7	-46.77
53969.4	-48.11
54009.1	-47.93
54048.8	-47.02
54088.5	-47.65
54128.1	-47.4
54167.6	-47.76
54207.1	-47.18
54246.2	-48.37
54290.2	-46.8
54328.2	-46.68
54365.9	-46.65
54403.4	-47.1
54440.9	-47.67
54472.0	-48
54502.6	-47.82
54533.2	-47.05
54563.7	-46.4
54594.1	-48.56
54624.5	-47.81
54649.3	-47.89
54675.9	-47.78
54706.2	-47.69
54736.3	-48.11
54766.1	-47.53
54795.9	-47.19
54825.4	-47.69
54853.7	-47.36
54882.1	-47.2
54910.5	-47
54939.2	-47.64
54966.3	-48.11
54993.1	-48
55021.6	-48
55050.7	-47.55
55079.5	-48.18
55108.9	-48.39
55138.4	-48.08
55166.9	-47.57
55194.5	-48.78
55221.5	-46.66
55246.3	-48.05
55271.8	-48.39
55297.3	-48.12
55323.0	-48.19
55349.4	-48.82
55376.9	-48.96
55405.3	-48.13
55433.7	-48.96
55463.4	-48.9
55497.0	-49.8
55531.4	-48.1
55565.8	-47.72
55599.4	-48.03
55632.2	-48.17
55665.0	-48.03
55698.4	-48.47
55732.5	-48.02
55766.5	-48.67
55800.0	-47.67
55832.9	-48.2
55865.9	-48.44
55898.9	-48.26
55931.9	-47.81
55964.0	-48.17
55995.8	-47.86
56027.8	-47.97
56060.9	-48.55
56094.8	-48
56129.0	-48.09
56163.2	-48.5
56197.8	-48.38
56232.9	-48.4
56268.0	-48.4
56303.0	-47.83
56333.4	-48.36
56363.7	-48.93
56394.3	-48.53
56425.0	-48.28
56455.8	-48.52
56486.8	-48.55
56518.1	-48.88
56549.4	-48.25
56581.1	-49.04
56613.6	-48.79
56646.1	-48.48
56678.3	-49.19
56710.3	-48.62
56743.2	-48
56781.3	-49.75
56821.1	-49.03
56860.9	-49.16
56899.2	-48.23
56935.8	-49.03
56971.2	-48.76
57007.3	-48.73
57044.0	-48.86
57080.2	-49.48
57115.6	-48.93
57150.9	-49.07
57186.2	-48.92
57221.4	-48.81
57251.1	-48.36
57280.6	-49.66
57313.8	-48.28
57350.0	-49.08
57386.3	-48.5
57423.1	-49.36
57460.4	-48.85
57497.6	-48.41
57535.3	-49.74
57568.7	-48.54
57599.8	-49
57630.8	-48.57
57661.7	-49.36
57694.4	-49.32
57726.2	-48.52
57757.2	-48.91
57786.5	-48.27
57815.0	-48.38
57842.5	-48.25
57870.1	-47.62
57900.0	-48.99
57934.1	-47.97
57968.5	-47.84
58002.8	-48.52
58035.1	-48.06
58066.9	-48.11
58096.3	-48.03
58126.0	-47.74
58157.0	-47.35
58187.8	-46.96
58218.3	-47.53
58248.8	-48.34
58280.6	-48.28
58314.1	-48.31
58348.0	-48.6
58381.1	-47.7
58413.3	-48.51
58442.5	-47.84
58470.0	-48.86
58497.9	-47.71
58525.8	-48.22
58555.9	-47.9
58586.3	-47.33
58614.5	-48.4
58642.1	-47.81
58669.5	-48.13
58697.0	-47.62
58726.0	-49.2
58756.4	-48.14
58786.8	-48.88
58818.1	-48.49
58848.6	-47.99
58879.0	-48.2
58909.0	-47.48
58938.7	-48.23
58968.3	-48.32
58998.0	-48.51
59024.7	-47.88
59050.4	-47.76
59076.3	-48.3
59103.7	-47.68
59131.1	-47.78
59158.0	-47.16
59184.3	-47.55
59210.6	-47.91
59240.3	-48.18
59271.8	-47.37
59303.2	-48.05
59335.2	-47.76
59367.6	-48.13
59400.0	-48.31
59432.5	-47.36
59463.6	-47.02
59494.8	-47.71
59525.6	-46.93
59555.7	-47
59582.4	-47.42
59609.7	-47.34
59637.6	-47
59664.8	-46.97
59692.1	-46.67
59719.3	-47.83
59746.5	-46.87
59774.0	-47.14
59801.9	-47.16
59830.2	-47.65
59860.3	-47.48
59890.0	-47.33
59914.6	-46.95
59939.5	-47.87
59968.3	-47.3
59997.8	-47.3
60026.1	-46.52
60053.0	-46.49
60080.0	-47.06
60108.3	-47.62
60138.1	-47.66
60166.6	-47.44
60194.7	-46.98
60225.9	-47.23
60257.0	-47.77
60287.4	-46.24
60317.0	-47.22
60346.7	-47.14
60377.1	-47.76
60408.2	-47.27
60439.4	-46.81
60471.3	-47.61
60504.0	-47.71
60536.5	-47.67
60569.3	-47.84
60605.2	-47.09
60641.2	-47.28
60675.7	-47.28
60707.3	-47.01
60738.8	-47.93
60771.5	-47.18
60805.3	-47.02
60839.0	-47.33
60873.7	-47.52
60907.8	-47.39
60937.5	-47.88
60968.7	-47.02
61000.6	-47.82
61032.0	-48.34
61060.8	-47.95
61089.8	-47.75
61118.8	-47.65
61153.7	-46.79
61188.3	-47.94
61222.8	-47.95

