9557.46	-53.84
9575.26	-53.92
9593.37	-54.04
9612.18	-53.95
9630.70	-53.69
9648.50	-53.67
9666.45	-53.85
9684.76	-53.97
9703.33	-53.83
9722.53	-53.90
9741.87	-54.16
9761.54	-54.11
9780.49	-53.87
9797.72	-53.73
9814.60	-53.77
9830.66	-53.46
9846.69	-52.89
9862.66	-52.85
9879.12	-53.47
9896.74	-53.99
9914.62	-53.58
9933.13	-53.26
9952.06	-53.64
9972.01	-53.78
9991.79	-53.77
10011.20	-53.74
10029.90	-53.59
10046.96	-53.59
10064.30	-53.86
10082.25	-54.20
10100.22	-54.17
10118.24	-53.91
10136.11	-53.73
10153.64	-53.28
10171.03	-52.84
10188.06	-52.83
10205.09	-53.39
10222.12	-53.78
10239.41	-53.19
10257.29	-52.68
10274.94	-52.49
10292.08	-52.50
10308.98	-52.92
10325.32	-53.27
10342.44	-53.53
10361.40	-53.57
10380.51	-53.42
10399.98	-53.55
10418.77	-53.97
10436.02	-53.88
10453.41	-53.39
10471.14	-53.40
10488.82	-53.55
10506.36	-53.60
10523.95	-53.65
10541.66	-53.42
10559.21	-53.00
10576.41	-52.93
10593.91	-53.60
10612.13	-54.11
10630.34	-53.74
10648.55	-53.24
10666.76	-53.29
10684.97	-53.80
10703.18	-54.06
10721.39	-53.97
10739.45	-53.76
10757.16	-53.37
10774.71	-52.93
10791.91	-52.99
10809.42	-53.47
10827.26	-53.76
10845.11	-53.86
10863.32	-53.74
10881.53	-53.47
10899.74	-53.63
10917.96	-53.97
10936.17	-53.80
10954.36	-53.52
10972.51	-53.53
10990.97	-53.43
11010.33	-52.94
11029.84	-52.91
11049.75	-53.68
11069.20	-53.90
11088.07	-53.52
11106.84	-53.36
11124.67	-52.99
11143.14	-52.74
11162.86	-53.08
11181.58	-53.37
11198.39	-53.08
11215.19	-52.49
11232.00	-52.45
11248.98	-52.97
11266.29	-53.33
11284.02	-53.45
11302.56	-53.55
11321.21	-53.33
11340.08	-53.48
11358.45	-54.19
11375.85	-54.34
11411.36	-53.73
11429.12	-53.49
11446.57	-53.82
11463.84	-54.02
11480.80	-54.17
11497.59	-53.73
11514.08	-52.90
11530.24	-52.60
11546.09	-52.55
11562.11	-52.66
11578.12	-53.18
11594.77	-53.82
11612.07	-53.82
11628.68	-53.52
11645.30	-53.64
11662.41	-53.81
11679.83	-53.76
11697.26	-53.82
11714.69	-54.03
11732.80	-54.03
11751.23	-54.01
11769.31	-54.18
11787.68	-54.24
11806.23	-54.35
11825.07	-54.44
11843.90	-54.69
11862.74	-54.97
11881.40	-54.55
11899.77	-54.01
11918.50	-54.32
11957.30	-55.00
11977.08	-54.95
11996.50	-54.34
12015.34	-54.29
12034.36	-54.80
12053.67	-55.23
12073.34	-55.36
12093.59	-55.29
12114.00	-55.24
12134.65	-55.05
12155.46	-54.89
12176.55	-55.10
12197.64	-55.51
12218.72	-55.62
12240.04	-55.03
12261.04	-54.48
12281.23	-54.26
12300.84	-54.17
12320.46	-54.71
12340.08	-55.06
12359.69	-54.52
12379.31	-54.30
12398.10	-54.89
12417.46	-55.29
12438.07	-55.09
12458.69	-54.91
12479.34	-55.21
12500.05	-55.60
12520.90	-55.72
12542.08	-55.78
12562.53	-55.77
12583.31	-55.89
12605.06	-56.03
12627.18	-55.91
12649.25	-55.82
12671.11	-55.93
12693.71	-56.10
12717.67	-55.99
12741.48	-55.83
12765.39	-55.79
12789.20	-55.78
12812.26	-55.88
12835.58	-55.71
12860.87	-55.58
12886.11	-55.64
12911.00	-55.62
12936.06	-55.89
12962.36	-56.23
12988.21	-56.37
13010.78	-56.38
13033.30	-55.97
13055.50	-55.50
13077.71	-55.82
13100.04	-56.24
13122.47	-56.12
13145.72	-56.12
13168.90	-56.07
13191.56	-55.51
13214.22	-54.84
13237.57	-54.80
13260.82	-55.48
13282.98	-56.07
13305.31	-56.11
13328.48	-55.76
13351.79	-55.32
13375.74	-55.27
13399.76	-55.55
13424.10	-55.63
13448.38	-55.49
13472.41	-55.27
13495.57	-55.05
13514.78	-55.14
13533.79	-55.55
13551.88	-55.31
13570.44	-54.96
13591.10	-55.63
13614.03	-56.00
13647.34	-55.70
13680.17	-55.63
13710.85	-55.53
13740.62	-55.59
13766.27	-55.56
13791.76	-55.11
13816.45	-55.18
13841.34	-55.79
13867.11	-56.28
13892.91	-56.43
13918.81	-56.26
13944.51	-55.84
13969.33	-55.43
13993.96	-55.34
14018.18	-55.33
14042.40	-55.18
14066.14	-55.06
14089.88	-55.41
14113.38	-55.68
14137.00	-55.33
14161.28	-55.25
14185.56	-55.41
14209.84	-55.43
14234.02	-55.41
14257.82	-55.28
14281.58	-55.12
14305.24	-54.99
14328.43	-54.93
14349.78	-55.22
14371.70	-55.88
14395.86	-56.06
14419.81	-55.53
14442.92	-55.10
14465.82	-54.82
14487.88	-54.62
14510.25	-54.89
14533.88	-55.32
14557.73	-55.85
14582.41	-56.25
14607.20	-56.26
14632.42	-56.28
14657.75	-56.37
14709.35	-56.51
14734.65	-56.55
14759.54	-56.44
14782.79	-56.14
14806.24	-55.77
14830.50	-55.70
14854.41	-55.83
14876.94	-56.05
14899.67	-56.04
14923.17	-55.94
14946.57	-56.07
14969.59	-56.03
14992.61	-55.90
15015.62	-55.88
15038.99	-55.83
15063.73	-56.04
15088.41	-56.16
15112.83	-56.05
15137.32	-56.13
15162.04	-56.28
15186.76	-56.51
15211.48	-56.39
15236.10	-55.81
15260.32	-55.56
15284.63	-55.95
15309.35	-56.37
15334.07	-56.45
15358.79	-56.35
15383.36	-56.06
15407.33	-55.90
15430.57	-56.25
15450.90	-56.27
15471.24	-56.14
15491.69	-56.48
15513.35	-56.63
15539.90	-56.19
15566.45	-55.87
15593.00	-56.08
15619.66	-56.21
15646.76	-56.31
15673.85	-56.41
15700.40	-56.51
15727.59	-56.80
15755.78	-56.69
15783.44	-56.33
15810.54	-56.02
15837.50	-56.03
15863.91	-56.48
15891.10	-56.60
15919.43	-56.48
15947.06	-56.35
15974.70	-56.36
16002.55	-56.68
16031.27	-56.85
16059.99	-56.76
16088.71	-56.80
16117.62	-57.12
16147.30	-57.49
16177.03	-57.54
16206.93	-57.57
16237.29	-57.82
16269.55	-57.67
16301.71	-57.23
16333.47	-57.11
16364.93	-57.27
16395.26	-57.39
16425.09	-57.33
16452.96	-57.11
16480.83	-56.96
16508.70	-57.23
16536.77	-57.47
16565.66	-57.58
16594.54	-57.70
16623.43	-57.32
16652.41	-57.31
16681.80	-57.86
16712.04	-57.92
16741.94	-57.81
16771.19	-57.72
16801.60	-57.79
16832.20	-58.24
16863.62	-58.53
16895.04	-58.39
16926.46	-58.21
16958.08	-58.15
16990.51	-58.44
17023.81	-58.82
17057.26	-58.94
17089.93	-59.01
17122.87	-58.90
17155.60	-58.64
17187.53	-58.32
17219.15	-58.08
17250.62	-57.84
17280.78	-57.53
17309.15	-57.47
17338.64	-57.48
17368.54	-57.79
17398.94	-58.18
17431.37	-58.40
17463.80	-58.92
17496.23	-58.95
17528.67	-58.23
17561.10	-57.99
17593.83	-58.56
17627.78	-59.32
17661.94	-59.54
17696.90	-59.21
17731.77	-59.10
17766.23	-59.31
17800.68	-59.15
17835.14	-58.84
17869.50	-58.89
17903.45	-59.00
17937.40	-58.94
17971.35	-58.90
18005.81	-58.82
18039.77	-58.82
18073.41	-59.01
18108.38	-59.20
18143.44	-59.39
18178.91	-59.64
18214.38	-59.78
18249.83	-59.30
18284.70	-58.67
18317.22	-58.97
18349.84	-59.37
18382.84	-59.26
18415.97	-59.41
18449.63	-59.54
18483.59	-59.22
18518.73	-59.17
18553.98	-59.47
18589.63	-59.64
18625.18	-59.45
18660.32	-59.08
18695.27	-59.07
18729.41	-59.09
18763.62	-58.86
18796.92	-58.89
18831.82	-59.15
18870.05	-59.16
18906.98	-59.04
18943.92	-59.28
18980.21	-59.77
19017.68	-59.67
19054.32	-58.89
19091.25	-58.69
19129.98	-59.20
19168.52	-59.66
19207.17	-59.78
19246.25	-59.63
19285.21	-59.58
19323.76	-59.61
19362.30	-59.40
19400.84	-59.30
19439.27	-59.50
19477.27	-59.45
19515.67	-59.11
19555.66	-59.23
19594.17	-59.74
19634.18	-59.54
19675.64	-59.03
19715.32	-59.01
19755.18	-59.26
19796.01	-59.48
19836.92	-59.67
19878.33	-59.63
19919.12	-59.22
19956.69	-58.88
19994.13	-58.72
20030.83	-59.07
20067.86	-59.88
20106.66	-60.10
20145.12	-59.53
20181.82	-59.01
20218.44	-58.90
20254.61	-58.97
20290.96	-59.17
20328.18	-59.42
20362.89	-59.45
20398.49	-59.49
20433.70	-59.55
20469.21	-59.39
20507.72	-59.28
20545.46	-59.39
20581.32	-59.60
20618.37	-59.62
20658.17	-59.45
20698.84	-59.53
20738.80	-59.81
20777.60	-59.85
20817.56	-59.80
20859.61	-59.73
20898.91	-59.59
20936.16	-59.71
20974.96	-59.60
21013.23	-59.26
21051.50	-59.57
21090.82	-60.10
21130.14	-59.97
21169.46	-59.58
21208.79	-59.56
21247.21	-59.64
21285.64	-59.54
21324.89	-59.61
21364.13	-59.71
21402.85	-59.39
21441.57	-59.28
21479.75	-59.66
21517.94	-59.64
21552.45	-59.03
21586.96	-58.76
21620.21	-58.80
21653.45	-58.58
21688.17	-59.04
21721.14	-59.68
21754.04	-59.65
21779.53	-59.72
21799.77	-59.82
21829.93	-59.64
21868.14	-59.44
21907.18	-59.59
21945.46	-59.66
21982.62	-59.50
22019.78	-59.51
22058.47	-59.69
22097.16	-59.94
22134.88	-59.97
22173.57	-59.87
22212.72	-59.91
22250.90	-59.48
22278.95	-58.98
22304.78	-59.26
22336.67	-59.50
22367.98	-59.67
22404.03	-59.65
22443.02	-59.32
22480.36	-59.62
22518.54	-59.97
22555.21	-59.66
22591.97	-59.63
22630.66	-60.05
22667.89	-60.00
22702.58	-59.73
22739.82	-59.88
22779.61	-59.94
22813.79	-59.78
22843.95	-59.66
22877.81	-59.51

