8806.998076923077 267.9028278900337 3.3695646047852725
8900.3827 265.4473246879209 1.4293916976380214
8994.849173469387 268.86121401097495 1.418331533880203
9091.46909174312 263.9524321899689 1.8537412481466093
9188.524566091954 270.5975111381655 3.8483561837919504
9284.278713507625 269.2256441647061 0.46081632628785213
9379.827520833333 263.797593582027 1.059438029447719
9473.080934210526 265.54713785905875 3.3599064007716133
9567.808834532372 271.1691082540198 1.6940795914215365
9670.134219696969 264.96696478895205 2.1800938917280126
9760.864385542167 269.8239136757699 2.1288291567699864
9864.460452554744 265.9214090056133 0.6850923878791347
9958.658229357798 270.67768611855996 1.2540281279159096
10058.697166666665 268.0461575865978 2.455144739077686
10159.929135922332 267.1885223205751 2.5206861767378697
10260.680616666665 267.44431411632206 1.428994155465413
10362.560358796296 267.5391756800878 2.7548483114447966
10462.921587499999 271.27597022041294 1.0052231880856495
10564.5185412844 280.9312927131758 1.370232087674104
10666.46251898734 268.11279412214964 0.9568043523384158
10768.716073529411 271.4997419010105 2.1268286698277965
10864.82495 271.8117018847352 1.9706202346467576
10962.363085877863 275.94112049465406 0.9878827362342558
11060.381403543306 268.0613355199051 3.259631971458184
11153.369761682245 277.029293175379 3.657184074834236
11244.313086734694 268.8062514925239 1.6656998706343706
11287.96424289773 268.8396344162771 1.290916678425955
11305.305389312976 272.1638827775123 2.5459070312438925
11323.439806338027 268.4831386910426 2.038774675962592
11341.384464015155 274.14345909208504 2.1099587251623033
11358.909024999999 272.86948241809176 0.6954811452089371
11376.950857142852 273.09658248435426 2.5208974243791173
11393.431230303027 271.1659882944808 0.8515189257138913
11410.58106666667 271.66344435702626 1.1530963256955427
11427.037651376146 273.5087267559184 0.8505691950166642
11446.42881818182 270.8975316078414 0.6582745058901435
11461.542074380164 266.7402713424808 1.420923135639131
11478.79475 271.0926460402798 0.4985722841097915
11494.88293030303 264.7019637596007 0.28649127816592435
11512.204379084964 265.3035570908851 1.5221230058969524
11529.6335375 270.2202091929294 2.412823479042468
11548.322559633029 261.13429330946656 1.3404357790494443
11565.044 251.5528586529488 0.3435083847400987
11583.512393055555 258.6155973344712 0.884033354158537
11602.209447183099 257.99089690085395 1.4599509194956937
11621.417388429752 260.0430608603061 1.2558245486807351
11641.285636363637 259.89086904448925 1.3999473114283951
11660.759212643678 262.7419682040664 1.482300165746408
11680.70175 262.24947010276907 0.33244042312113337
11703.49222413793 262.53058047537485 1.781228819116829
11721.507318181815 261.16871076552565 1.4848144359415976
11743.723799999998 258.3101747073089 1.3448357106506248
11764.302342105266 257.6295799831633 1.5930774046070213
11784.92214285714 255.56174454316204 0.5813810050137204
11806.799573863636 259.89657531323917 1.1569847106772602
11828.615101010102 262.57498699245264 5.263207753720935
11850.542753246753 252.91570205793047 2.0423481441827143
11872.74741101695 257.9931437879996 1.299308075453149
11895.025763157893 259.3912977602452 1.3864577081067966
11917.86221346154 251.85064164274337 1.452015497417635
11939.80455555556 252.40713321971356 0.3529837130095197
11962.890596774192 257.09803694796494 0.6956406819534284
11984.750417322834 255.03138662276533 2.5685204930827545
12007.220851351347 259.6570401748525 1.9876851919274323
12029.142841584156 257.01913649818056 0.8701877668305773
12050.645313186815 255.13879991205624 1.412474153146747
12073.228910256406 255.42428040746907 0.8549339323768892
12095.564318181818 254.96816256782247 0.7318602806397894
12116.851408653847 253.6533400802813 1.227277836571378
12138.698249999998 253.23182055441774 1.6042965419405086
12159.963550632909 252.95174624217293 1.4827762724022882
12184.113790540541 253.37721064234103 1.3322521569434795
12204.658928571429 252.9240190698803 0.2940953344047306
12227.173550505051 254.73154369365116 1.3729762132867072
12249.388662650605 250.9665079337188 0.7624581789404119
12270.04011111111 248.30941964788178 1.1644445095978526
12292.438625 247.00399847303908 1.207676580766401
12314.706609375 250.4034368607132 1.4510225043370562
12336.055219879518 251.67023851530323 0.8244290241025993
12358.291118457299 249.828192028346 0.5557230717885496
12381.05348795181 250.17917534767042 0.7866964776282669
12402.67661594203 248.42282246806465 1.1797272460582895
12425.450864864864 250.7361603977909 1.2895316864650215
12447.16827272727 253.9226267174943 1.7213319336477375
12469.148988095236 248.27496932125192 1.2142870688424796
12491.276500000002 251.01866418752644 0.2718651933668129
12513.670533333332 252.09151906637942 1.176204353865209
12535.619666666664 250.94327763185444 0.45259361155483935
12559.310365168536 247.94829999483662 1.6819891525674522
12580.049953703707 246.52904430354567 0.9550091381591798
12601.959203703702 248.24252191664183 0.9593977007528567
12625.388176470586 245.5919394471499 1.072175936925353
12646.322035000003 251.29878007926465 0.4125142739378774
12668.249195652172 244.01944039217156 1.1185804377555943
12690.236811926603 245.49602014897292 2.0892692093580534
12711.873455056178 246.23335017876875 1.9472923880165072
12734.24998305085 246.14661205332536 1.3353903526336806
12754.687285714284 243.34501708789696 1.2925466754401673
12776.501757731958 245.2383063619222 1.2981515105668255
12797.307945054945 243.43542944264073 0.7882017929475992
12817.648094736842 242.7942418996904 1.1224172467227629
12839.364610091747 242.17670710529902 2.8238892225625056
12859.327288043476 244.7072616624785 0.9467987697225267
12879.949433333335 241.14801820813656 0.807610266534135
12900.373381443298 243.41877622767902 2.092655675831412
12921.15205263158 238.67711437690164 0.19145773094123278
12941.80101851852 242.86480110696388 1.9379105503363823
12962.696064220185 241.90902544878452 2.2357790640357043
12982.872140186912 245.5552999030114 1.1589696936117735
13025.140053763436 238.8172845805215 0.11006763112890043
13068.139371559633 240.91006470650157 0.9623041858085902
13111.590663461531 243.4098936541896 0.6936344335760807
13162.2005 244.4197733780046 0.14624444254500113
13199.014876126123 240.86022090165332 0.34277105198985114
13310.311640776697 241.82629259075324 1.8701703755605315
13376.633681632657 244.25427358439862 1.4095543785119697
13420.666539325837 239.8255291423037 0.3958262052733707
13486.67 247.85979844716996 0.12464859418708243
13528.287352941172 242.54747522687632 0.45893872238818556
13593.39691780822 245.59139134507328 1.232457312518845
13637.08971680672 245.11490412197253 2.2202425085619373
13705.109038461536 243.08435072354874 0.10007470310427478
13750.157180851063 241.95158516671214 0.853522729781004
13820.693015503875 244.5703386445421 0.5716538469801956
13880.898354430381 239.91958262522573 1.0386939571796365
13904.683162337662 241.8687866200197 1.085182218857085
13941.709747967481 245.26916500368534 1.1731028607568064
13964.684844660198 236.88000615516702 1.5244854427350565
13999.599233695648 240.39805979670948 0.1335912368682948
14035.296115384614 243.23818680138615 0.41922109209682534
14060.060573033712 243.36064776017062 0.8117258297207374
14083.816731958763 242.3613364190683 1.8905012806153203
14118.233467857139 240.59503531115416 1.187944479381528
14153.642209737825 244.21229536304708 1.333690692180971
14177.744848484846 243.03677680876376 0.2153120259848627
14188.939176470585 239.8013722168602 1.0996246937402585
14223.684487603305 246.07891889663432 1.0942604116875656
14235.425781249998 242.39005888170098 0.4909048767560898
14256.645413580245 244.3252352260465 1.0466464124405748
14290.072661835746 246.5463915992586 1.4233246603570187
14301.622504761903 246.60460298931037 1.7556664246639746
14322.639232142854 244.9489026098227 0.3454352294996154
14343.364089285715 242.61345734214723 0.7652096648345446
14376.37537745098 246.05538663336657 2.2467485024161653
14398.90766666667 245.14411641924522 1.2655358550826663
14408.661551724135 247.17377294839466 0.8112650514640422
14419.514655172414 239.8323421305916 0.5643746168651799
14430.820539999997 245.729807649943 0.41994573319519585
14441.46288888889 243.85999766133673 1.4558688378127933
14452.389192307697 243.76503812675872 1.7380011297995386
14463.919849397585 241.9659544143376 1.137419276772159
14473.402033132528 239.30951417343593 0.6136067550158362
14485.053442857143 241.58632963935628 0.8517421853611764
14496.183191860466 241.97072384125397 0.7613632280058652
14507.966919999995 244.10202126482596 1.115425087948056
14523.987296511626 242.11592408247537 0.5982874200896254
14530.168471590909 238.62208303328032 0.3923638577013497
14540.45451111111 237.41678590018034 0.28541857454839875
14551.869706666663 238.33541847308942 1.0422984517358862
14562.414808641974 241.49243901935716 0.2935424748877703
14574.018160256412 232.9069484734525 0.43595365597654745
14585.46464204546 232.1794674192821 0.7707868729967455
14596.59131147541 234.5296191365043 1.0957759406440268
14608.675314814813 238.53668908061695 1.2309773820367913
14620.670879999994 235.47501430697426 1.1049347180389382
14637.358067415724 231.9025821178081 0.74817334555484
14642.457761627904 228.64412988292017 0.7824148574908405
14653.375201086954 231.39272967198517 1.115766298891188
14665.808899999998 231.78536212593403 0.23076070475812085
14677.063267241378 232.50250206425628 1.0241105505628754
14689.427873786406 231.5760816830967 0.4324443811369315
14700.13846428571 230.50690563613685 0.6990972947328529
14713.487065656564 232.4041873231957 0.011029132928224222
14723.672 231.87363187172843 0.4104262711964586
14735.683833333329 237.1674385645637 1.4724014735922233
14747.749522388061 236.22123314488178 0.585239377410893
14759.657518072288 231.85150672131329 1.1093788571105547
14771.477433734943 234.6301423785333 1.2447439252123165
14783.283413580248 232.71528957073212 0.5395654126703556
14795.026500000002 232.35879507223092 0.5325917883752289
14807.670464285715 232.46979297537328 0.33507688174527955
14832.303737804872 232.890295544307 1.2267728038776453
14856.79338461538 233.78672581367329 2.0894914892990073
14867.304777108435 231.65098593922204 1.2191716092428557
14891.400375000001 232.3650655244248 1.018065793815664
14915.205924050637 229.38083520649624 0.8388666319299413
14953.42920319635 232.99480745157686 0.24117238927844434
14976.7922 238.47446894840783 0.023335995142349564
15013.165937984493 233.67160656998294 0.6306009719621629
15036.750384615383 232.8057322422929 0.892789496928765
15060.784271317832 231.84358475209112 1.037400495015162
15098.164584639499 234.18339813242306 0.32846271747068345
15120.941527777773 232.26585961041698 1.2143647518603298
15157.384240000001 229.77162913978188 0.9195516847257943
15194.784000000005 231.64306095288393 1.4176123107845846
15218.834196277496 232.91652002838566 0.9571559874779071
15256.53281330222 229.38795165189697 1.571230379506173
15282.428454545457 228.74311624898786 0.7531820269617046
15334.79867307692 227.2710402890986 1.3773982635521775
15416.644968503939 227.5305343345643 0.34666034223081493
15516.745049180327 226.75834505097234 1.3704689967578514
15574.706457364338 226.15764340429956 0.5663781946920314
15636.512021447725 228.8571801594681 1.8704061395520675
15710.282937716263 226.36468715588023 0.4366582225045342
15786.91595267176 227.5107392974745 0.6480784761033369
15802.07599357239 227.7681909549173 0.6393346693740717
15860.506788309634 227.7224506956352 2.06239685526959
15863.995204620458 228.4079901815647 0.17761030070385816
15879.10045557656 226.39327867419098 0.8930941956766976
15895.606434250767 228.4802221411913 1.4333403503178488
15946.025599999997 228.242360124708 0.8203411414003624
15978.343829090916 226.4115117516632 1.3094348918523633
16013.622387225547 228.8625784974834 1.0247434087216374
16029.96274643423 230.1908800011438 0.07169746259521485
16049.032635322481 225.48984625503218 1.1769051062662972
16069.764114541837 231.3244742360862 1.212502893063355
16084.779103646835 227.23631531576837 0.5538872168341893
16102.508396742296 224.48517092637948 1.0594512637382953
16121.837186991866 222.56382460975144 0.9667868972087439
16139.775817142849 218.22122886828478 0.5945526313029851
16158.534165170555 216.84367513227136 0.745912624557757
16177.890895615872 218.5978424508933 0.5964888338406239
16197.517669642864 216.42970768970437 1.1881058980916346
16216.344179661015 218.83094793202406 1.2030660182080497
16236.407648979588 215.2133503062316 0.4998022380031932
16255.393677754673 213.50810411665645 0.8157282831605934
16274.499986784132 216.94888538922996 0.9405088128858664
16294.171534653462 215.7934498012063 1.807132802023743
16319.969550000005 221.18722610003746 0.27905676325660833
16332.296066666664 217.9380167825644 1.113412954793218
16371.217663829779 211.94707338537606 0.12297867634990271
16411.467896296293 212.65010901966778 0.5212325806217732
16450.150342857134 212.4614276166706 0.8394990019249473
16516.40656281406 217.15469236971649 0.8085332659341804
16593.455179080825 214.24939480334604 1.1019346596459119
16654.736005882343 209.52548876941438 0.9617411013425473
16727.45594193548 209.18509194320177 0.961741101338764
16788.25541420118 206.9290476816134 0.6750299739442969
16854.270134984028 208.3247383426767 1.0886961808547952
16952.242619999997 206.1012164231453 1.0521531700623763
17023.984066666668 202.631089252931 1.3007075917823727
17098.148852631577 202.29417538469403 0.7766600772342452
17148.51800552486 199.87573909141443 0.4971330239233743
17173.389675 198.65141317549399 0.26604797941165964
17222.686828124995 194.50284337603904 0.909033112140748
17247.6365 197.02021337722056 0.39380858908988714
17271.804434210517 195.8856673685563 0.2694578865526365
17295.95326455027 194.75739808941378 0.46529941580413253
17322.172933333328 197.00049226913703 0.46110486137926515
17348.01476 195.4761142959414 0.5012961161068531
17373.92867816092 195.58573439908614 0.05423803745364829
17399.030822222223 196.37047527166976 0.6055699337887396
17425.375247648903 196.6236483930915 0.29863733358414885
17451.27236470589 200.96328822867957 0.8635092288984562
17477.07235824176 199.79039289658348 0.2391586375813789
17503.58496625767 197.21020619774924 1.2286838327921574
17531.752317073166 198.3760035369042 0.5550286988169382
17556.393364999993 195.51895944996556 1.3346281819664174
17583.114926829254 193.52313905154722 0.5643022523211347
17611.72379253112 194.41145637495399 0.23965616851367205
17637.727463362065 195.7049630706334 0.33080679868936025
17665.050016000005 191.25256339861124 0.6621632763188716
17692.940771428566 195.20739896471937 1.2382021197722488
17722.182130023633 193.51763426245728 0.7190495298839523
17747.58100251889 194.2606131810841 1.1923060852551808
17775.73786046511 195.7237910053392 0.26146940741275265
17803.747993939392 192.54215704394005 0.9821428247799515
17833.373223669918 192.6564989836098 0.10486478156066993
17861.832647230305 192.9556833468375 0.64306592821333
17894.425249999997 191.78531136917942 1.0961213128518206
17921.202486419756 191.7267726989902 0.49850929991939746
17952.178645161286 192.64072093684447 0.4703207056745532
17983.001864583333 192.59044595252618 1.480500952833287
18013.101910994767 188.87510819689115 0.22828849331322779
18045.872096153842 193.01145740964958 1.126510504571672
18076.79421855922 189.64837724764448 0.9528223932349119
18107.99613563049 192.87750852438725 0.4724033625177601
18139.563889215682 192.52153443206024 1.1571075398909414
18171.379701114492 193.03208526365853 0.19260209898468844
18201.140156982663 191.12107228232756 0.8372036055175979
18236.543369281044 192.73157502184154 0.18243274436836557
18268.817684057973 192.2127161368506 1.1573613101510056
18300.79950344827 192.46984987600774 0.748352699525746
18336.03264761903 191.44688100668245 1.0657551240083385
18365.49793975904 191.08794749517838 0.7036592363884459
18397.887455882348 191.6657005045612 0.1414082867377205
18463.47716410255 192.57060817148658 0.6179556385846688
18559.7180457958 197.90294365325792 0.5018461940485749
18628.01776149425 195.27099266967372 1.0138678790995133
18685.235517647063 196.9746062473733 1.0994077802463795
18717.34040689655 192.43646889385016 0.822752675659307
18749.193499999998 192.49917580509657 0.5266764309515646
18877.440024999985 196.7099140092297 1.7470090692053926
19039.232337499998 195.08550485764974 1.121009894025455
19169.972899999982 195.58428202340798 0.8431811380039504
19331.101727272715 195.51661846127155 1.3004106764959464
19459.452360000003 192.95303905155185 0.24551001470689301
19522.733324786335 195.41876528996985 0.586308975486151
19683.475304166674 197.60063929670704 0.5303197486983406
19778.559324324317 200.05515178135056 0.4220959629087149
19914.733649350652 197.72302093582547 0.7503628445232208
20111.772386281595 194.47301770392272 1.2132922929495944
20304.764994301993 193.99022495118814 0.65425815677705
20430.974737430162 197.92595404672443 0.6926066273540084
20558.15322110552 191.76130879373025 0.9299760179274259
20719.680878333314 196.65750201107113 1.0946641302511946
20853.725890140846 194.87078412905063 0.817552208158084
20956.5442237288 192.40117180397905 0.8671811282576847
21099.042367567563 194.05178294941018 0.06844865543898428
21230.368979289935 191.24278170075527 1.161275436474382
21444.613788235292 189.22605259203294 0.3063097987544152
21672.2406 191.9571766507431 0.21874802841448615
21796.652839024384 194.7825043804128 0.9521422657387056
21936.68970588235 191.38113959770786 1.5500556335948474
22109.871872727264 195.27052755302162 0.9882063740189297
22246.40522054381 196.08122144506464 1.3035627587837104
22491.17431428572 197.95136319917825 0.7512283993876284
22556.21568000001 193.9685521534979 1.3080977364994004
22625.702846153847 195.23673066044876 1.2621921306118875
22718.475330000005 199.99610424143108 1.1884076254066718
22801.177192771076 199.96524916088424 0.8451559970546311
22840.890183999978 198.93638429983517 0.18542890829828043
22909.583222222216 197.55338046178792 0.6895874696661541
